CS/resis_rast.asc
NCOLS 195 
NROWS 165 
XLLCORNER -114.008318537 
YLLCORNER 32.991665327 
CELLSIZE 0.0667094051897436 
NODATA_value -3.4e+38 
[rows 0 to 19 of 165, columns 0 to 45 of 195]
18.690858840942401 22.6240215301514 34.6124458312988 37.8774528503418 37.0471801757812 32.9479866027832 22.2078495025635 12.9672088623047 27.9099273681641 17.1209011077881 17.9722652435303 36.1594696044922 40.7385559082031 39.4029312133789 32.0122985839844 15.0753154754639 31.9939346313477 40.8272247314453 42.0810585021973 42.7479057312012 43.0452423095703 43.0452423095703 42.9578552246094 42.1162300109863 41.2521743774414 40.5610733032227 40.258918762207 38.9017372131348 37.5348930358887 35.9052543640137 33.9183044433594 31.9755706787109 30.6705055236816 28.9957370758057 26.7332954406738 24.5162353515625 21.3066024780273 17.7978363037109 15.4626445770264 14.0766525268555 12.6938619613647 11.3689212799072 9.54428672790527 5.97814893722534 2.77552390098572 1.88917481899261
19.6983757019043 18.9198093414307 18.6556816101074 18.6556816101074 16.9999847412109 32.856330871582 37.2098693847656 36.7576751708984 36.9386558532715 28.0755138397217 12.7419776916504 31.2405910491943 38.8479614257812 40.5433120727539 38.255428314209 27.2846164703369 29.4007053375244 40.7030754089355 42.8529205322266 43.0452423095703 43.0452423095703 43.0277709960938 42.7479057312012 41.9226837158203 41.7112579345703 40.7917633056641 39.974048614502 38.8838157653809 37.390495300293 35.5962409973145 34.6306953430176 33.3144187927246 31.6265544891357 29.6215896606445 27.4317092895508 25.265998840332 21.9550018310547 18.5326595306396 16.39821434021 14.7738885879517 13.5677804946899 12.9188499450684 11.4931755065918 7.07512664794922 2.81577587127686 1.37083339691162
8.28857803344727 21.0551815032959 19.3615016937256 9.91244697570801 11.6803436279297 26.6598224639893 31.0567321777344 33.9183044433594 36.5221900939941 36.2501983642578 24.2971477508545 23.5681838989258 36.8119850158691 38.5070190429688 41.4112396240234 41.7465133666992 41.3405647277832 41.4112396240234 43.0452423095703 43.0452423095703 43.0452423095703 42.9928169250488 42.1162300109863 41.9226837158203 41.0752487182617 40.5077896118164 39.2061920166016 38.4890594482422 37.2640724182129 35.6326141357422 34.8495788574219 33.2777900695801 31.9204750061035 29.6215896606445 27.2662334442139 24.9183254241943 21.2886295318604 17.7978363037109 16.5010356903076 11.6022434234619 11.7272815704346 14.7905941009521 13.5024909973145 10.4962005615234 5.82115983963013 2.30935168266296
9.50043487548828 16.5353393554688 10.9220962524414 13.3396472930908 24.2971477508545 22.8233852386475 23.2953968048096 29.308666229248 31.6633014678955 35.8507499694824 29.4559268951416 20.4285755157471 30.0633144378662 22.9503593444824 38.5788459777832 41.9050750732422 42.0810585021973 42.5727157592773 43.0452423095703 42.8179244995117 42.5551834106445 42.0458793640137 41.8346252441406 41.0221328735352 40.5077896118164 39.9384078979492 39.4208068847656 38.5070190429688 37.3724403381348 36.3046188354492 34.4664306640625 33.2411575317383 31.9939346313477 29.198221206665 26.4211025238037 23.6955966949463 19.6096286773682 17.0517845153809 14.8574657440186 5.46611022949219 8.99415016174316 15.5133409500122 15.4457550048828 13.4047193527222 9.10899543762207 2.83198499679565
11.8370275497437 9.77935314178467 4.93088150024414 12.4859714508057 23.6591854095459 27.4317092895508 28.3699417114258 27.7259693145752 28.0939140319824 35.5234832763672 30.8176574707031 33.9731559753418 31.2038230895996 26.4211025238037 38.6865386962891 41.3228912353516 41.9226837158203 41.9226837158203 41.9754943847656 41.9226837158203 41.5348472595215 41.1106491088867 40.7562942504883 40.0274963378906 39.4029312133789 39.0271606445312 38.6865386962891 38.0035209655762 37.2821388244629 36.0505485534668 34.5941963195801 33.2045211791992 31.8286399841309 30.0817184448242 26.4211025238037 22.5153636932373 18.9374408721924 16.073579788208 11.6647109985352 6.00246667861938 6.81603288650513 13.0964155197144 16.4324722290039 15.5302486419678 8.82287502288818 1.7527049779892
17.8326950073242 12.3903617858887 7.97133922576904 17.0690574645996 23.368106842041 23.0592575073242 25.3575496673584 27.9099273681641 33.2411575317383 34.7766342163086 34.995418548584 34.5941963195801 33.3876647949219 37.2821388244629 39.7600936889648 40.8626823425293 41.9050750732422 41.8170051574707 41.3228912353516 40.8094940185547 40.1343460083008 39.4565505981445 39.0092506408691 38.7224197387695 38.3992347717285 38.4890594482422 38.2194595336914 37.119499206543 36.5765533447266 35.6689834594727 34.3386116027832 33.1129188537598 31.7367916107178 30.0265083312988 28.167516708374 23.2045421600342 20.6967697143555 17.6585388183594 13.9613065719604 7.47114658355713 6.77751588821411 7.71289253234863 16.1588668823242 15.15931224823 5.23515701293945 1.33995819091797
20.2322483062744 22.280158996582 17.9722652435303 18.5150985717773 19.8227348327637 20.0718402862549 25.7606468200684 29.6768093109131 32.5629119873047 33.9365921020508 35.0136451721191 36.0505485534668 36.7757797241211 38.0935211181641 39.6887168884277 40.7917633056641 40.8804054260254 40.7917633056641 40.347843170166 39.6708679199219 39.1346015930176 38.0035209655762 38.3992347717285 38.4890594482422 37.5529365539551 37.733283996582 37.8774528503418 37.3543815612793 36.6671295166016 35.2868843078613 33.9731559753418 32.4895324707031 30.7072944641113 29.2166290283203 27.5236549377441 24.7537708282471 23.2772235870361 22.0272064208984 19.911642074585 11.1216917037964 12.5019273757935 11.6803436279297 11.8684406280518 10.7845993041992 6.82889223098755 1.60672748088837
25.0463733673096 24.3153991699219 23.9506244659424 24.4797096252441 18.4097919464111 18.5502262115479 24.7172145843506 28.8116664886475 30.3577442169189 32.1591835021973 33.3510437011719 34.6854286193848 36.6309013366699 38.1654968261719 39.2061920166016 39.9918670654297 40.5077896118164 40.3656234741211 39.277759552002 37.8954696655273 37.1375770568848 37.6611633300781 37.9855155944824 37.5348930358887 37.4085502624512 37.3543815612793 37.3543815612793 37.3543815612793 36.4859428405762 34.995418548584 33.735408782959 32.3243827819824 30.3025417327881 29.1429977416992 27.3581600189209 23.2590503692627 19.1139297485352 19.6451187133789 20.8041973114014 18.4624309539795 13.2422046661377 10.255352973938 8.63869380950928 5.22373247146606 3.72810697555542 2.71193027496338
23.0955696105957 23.3499279022217 25.3758640289307 24.2789001464844 24.1511878967285 22.5153636932373 24.3153991699219 26.4394626617432 28.8300743103027 31.2405910491943 32.8746643066406 33.4242858886719 35.5234832763672 37.5890197753906 36.7576751708984 38.9017372131348 39.2598686218262 39.2956466674805 39.0808906555176 39.1704025268555 38.7044792175293 38.5429382324219 37.7152557373047 37.3543815612793 37.4266052246094 37.3543815612793 37.3363227844238 36.8662796020508 36.1050148010254 34.5759468078613 33.4425926208496 31.5898056030273 29.3270740509033 29.4191112518311 27.3030014038086 23.6955966949463 17.2939548492432 15.1089000701904 18.7436485290527 18.6908588409424 18.3045997619629 12.8062143325806 7.10125494003296 5.67791700363159 3.16896438598633 4.98656702041626
26.9353923797607 26.5496311187744 29.3454818725586 28.9957370758057 29.1245899200439 27.6156101226807 26.2926063537598 27.4684867858887 29.6215896606445 31.3141231536865 33.2411575317383 33.9365921020508 35.1047515869141 36.5040664672852 35.4688987731934 37.2279396057129 37.8234024047852 38.4710998535156 38.8838157653809 39.4386787414551 38.8120994567871 39.0092506408691 38.3093643188477 37.390495300293 37.3543815612793 37.3543815612793 36.7938804626465 36.1957626342773 35.414306640625 34.119384765625 31.9572067260742 29.8608684539795 26.7516651153564 29.6031837463379 25.7056541442871 22.1717052459717 19.184606552124 19.2022838592529 16.5010356903076 12.6618137359619 12.1364688873291 14.9579133987427 9.55891990661621 3.93270325660706 7.69938230514526 5.54803943634033
28.8300743103027 30.4497394561768 31.1486663818359 31.2957401275635 30.6153182983398 29.6768093109131 28.977331161499 29.6215896606445 30.744083404541 31.7551612854004 33.2045211791992 34.356876373291 34.8131103515625 35.5962409973145 35.1594009399414 35.5598640441895 37.6791954040527 38.5070190429688 38.8658866882324 39.2240867614746 38.6147499084473 38.5608940124512 38.5070190429688 38.3632926940918 37.3724403381348 37.0110130310059 36.2320556640625 35.7780570983887 34.7583961486816 32.8013305664062 29.0509605407715 24.0417709350586 23.2408790588379 26.5312671661377 23.3135719299316 21.2526912689209 18.1820220947266 15.2097663879395 14.4740076065063 9.82364845275879 11.6334638595581 11.6959829330444 14.0931510925293 13.12877368927 5.91754770278931 3.81505084037781
30.4865379333496 30.8176574707031 31.4611663818359 32.0122985839844 31.350887298584 30.9463977813721 31.5346775054932 31.9755706787109 32.2509651184082 32.6913070678711 33.8085784912109 34.6671867370605 34.6854286193848 34.9407386779785 35.3232955932617 36.4134292602539 37.7513122558594 38.5070190429688 38.8300323486328 38.5070190429688 38.5070190429688 38.5070190429688 38.3093643188477 37.4988021850586 37.1556510925293 36.3771629333496 35.7235260009766 34.8131103515625 32.7646560668945 31.9388408660889 30.155330657959 22.8415203094482 21.4684524536133 24.4066715240479 21.8647918701172 21.7025337219238 19.7338924407959 16.7931289672852 14.490626335144 12.5338573455811 8.15006637573242 8.80865669250488 9.73512744903564 14.8073053359985 11.0447874069214 5.68979167938232
31.2957401275635 31.3692684173584 31.0567321777344 32.5078773498535 33.021297454834 33.3876647949219 33.6622276306152 33.2594718933105 33.7537040710449 33.9914398193359 34.6124458312988 34.4299163818359 33.5890274047852 33.3144187927246 35.2140426635742 36.9567489624023 37.7873611450195 38.5070190429688 38.5070190429688 38.5070190429688 38.2374420166016 37.7152557373047 37.3543815612793 36.8662796020508 35.9597511291504 34.8860473632812 34.2107467651367 32.9296569824219 28.1307144165039 28.4619598388672 28.9405155181885 26.4578227996826 22.4067707061768 21.7566013336182 20.4107151031494 19.2376461029053 19.7338924407959 18.252046585083 15.3613719940186 13.0640802383423 13.5841159820557 12.1997947692871 12.1997947692871 12.2473545074463 15.8353328704834 12.0101127624512
32.1775398254395 32.2876739501953 32.4161376953125 33.039623260498 33.9365921020508 34.7766342163086 35.031867980957 34.8495788574219 34.3751373291016 34.1742057800293 34.8678131103516 34.9042778015137 34.4116554260254 33.9548759460449 35.1047515869141 37.0290946960449 37.9675102233887 38.5070190429688 38.5070190429688 38.3093643188477 37.3724403381348 36.8119850158691 36.0505485534668 35.4870948791504 34.1376609802246 32.5445671081543 31.0015659332275 30.136926651001 28.6644172668457 26.2191963195801 26.0357189178467 26.4211025238037 24.0600032806396 20.4643039703369 20.3571491241455 19.8049602508545 17.7629909515381 17.1381912231445 16.9654712677002 14.0436706542969 7.86211490631104 10.4358148574829 9.85321712493896 9.41294288635254 15.2939462661743 10.6324911117554
33.0762710571289 33.4975128173828 33.6622276306152 33.735408782959 35.0500907897949 35.5234832763672 35.8507499694824 35.0500907897949 34.995418548584 34.8860473632812 34.8495788574219 33.9548759460449 32.9479866027832 33.3144187927246 34.9042778015137 36.7033500671387 38.0935211181641 38.5070190429688 38.3453178405762 37.6431312561035 36.6671295166016 36.0323944091797 35.0683097839355 34.3020858764648 33.1495628356934 32.2509651184082 30.4681396484375 27.7627582550049 26.3843860626221 25.6689968109131 26.8067779541016 24.8634643554688 23.7320117950439 21.270658493042 21.0013618469238 19.2553310394287 17.9897270202637 17.1036167144775 16.8620204925537 15.2434244155884 11.0601539611816 9.588210105896 11.5866422653198 13.9283971786499 15.9713726043701 11.994345664978
34.5759468078613 34.6306953430176 34.7948722839355 35.3414993286133 35.9415855407715 36.1957626342773 36.1776161193848 36.014232635498 35.1958312988281 35.031867980957 34.6489410400391 33.9183044433594 33.735408782959 34.155933380127 34.5941963195801 36.2683410644531 37.6791954040527 38.1475028991699 37.3543815612793 36.7576751708984 35.7053451538086 34.7948722839355 33.643928527832 32.7646560668945 28.8852939605713 28.001916885376 28.8484802246094 19.6273727416992 18.9198093414307 23.2590503692627 24.698938369751 21.270658493042 21.2347240447998 21.9369564056396 21.5944538116455 20.2500839233398 17.2246894836426 17.9024524688721 14.6904315948486 14.4740076065063 13.2259826660156 11.6490840911865 11.6334638595581 11.9470844268799 15.3445081710815 13.8790721893311
35.1229705810547 35.7235260009766 35.759880065918 36.1413192749023 36.0323944091797 36.2139091491699 36.1594696044922 36.2139091491699 35.578052520752 35.0683097839355 34.2838172912598 33.039623260498 33.8817329406738 34.9042778015137 35.031867980957 35.414306640625 36.340892791748 36.8300819396973 36.2683410644531 35.4325065612793 34.4116554260254 32.9113273620605 31.3692684173584 31.4611663818359 27.2846164703369 24.2971477508545 25.9806900024414 17.242000579834 16.1247386932373 23.0592575073242 26.0173759460449 23.2045421600342 19.4500560760498 20.1787567138672 20.4464378356934 19.9650192260742 19.7338924407959 18.0421314239502 15.5302486419678 11.7116289138794 13.323392868042 10.1356325149536 10.0461549758911 10.6476697921753 12.279091835022 14.0601587295532
34.8678131103516 35.541675567627 36.1957626342773 36.1957626342773 35.9597511291504 36.5765533447266 36.4496879577637 36.5403137207031 36.1957626342773 36.014232635498 34.7948722839355 34.2290153503418 34.8495788574219 34.7401542663574 35.0136451721191 35.0500907897949 35.1958312988281 35.141185760498 34.4116554260254 33.3144187927246 32.6913070678711 29.4375190734863 24.5893039703369 28.0755138397217 27.17431640625 25.559045791626 26.5312671661377 22.859655380249 17.9024524688721 21.7926578521729 25.7973136901855 25.7056541442871 23.0592575073242 18.5677928924561 19.4854965209961 19.5564136505127 19.6096286773682 17.8326950073242 15.5302486419678 14.1757192611694 14.8407402038574 11.4309959411621 10.5113153457642 12.4540777206421 12.8383665084839 14.3578147888184
35.3050918579102 34.1011085510254 35.9597511291504 37.1014213562012 37.1917991638184 37.3363227844238 37.3543815612793 37.3363227844238 37.1375770568848 36.5584335327148 36.1594696044922 35.7235260009766 35.414306640625 35.0865325927734 35.031867980957 34.1742057800293 34.4664306640625 32.7279815673828 31.0751190185547 28.001916885376 29.2902603149414 27.1191730499268 19.8582897186279 21.9369564056396 25.3209266662598 24.443187713623 28.3147315979004 20.6251983642578 14.1757192611694 20.7504730224609 25.0646705627441 24.8634643554688 24.2971477508545 21.1987972259521 19.7694225311279 20.0540313720703 19.893856048584 16.9482192993164 17.1554832458496 15.8523235321045 12.9672088623047 12.4540777206421 8.99415016174316 12.7580280303955 14.2584142684937 16.1930103302002
36.8662796020508 36.4315605163574 36.9748382568359 37.6070556640625 38.0215263366699 37.9314918518066 37.9675102233887 37.7873611450195 37.4446563720703 37.3543815612793 37.3182640075684 36.6127891540527 36.1957626342773 35.5962409973145 34.7219161987305 34.2838172912598 32.709644317627 29.087776184082 24.5710353851318 25.4308090209961 27.7075748443604 26.7149257659912 22.8052539825439 21.144926071167 18.6029396057129 18.5502262115479 26.7700347900391 23.8959541320801 14.2253217697144 21.270658493042 19.1669330596924 22.4429607391357 23.914176940918 23.1137275695801 20.1787567138672 20.0896530151367 20.2144145965576 16.295539855957 15.2939462661743 16.4153423309326 14.6570816040039 10.8456392288208 11.229642868042 13.3396472930908 14.4740076065063 16.5010356903076
