CS/resis_rast.asc
NCOLS 195 
NROWS 165 
XLLCORNER -114.008318537 
YLLCORNER 32.991665327 
CELLSIZE 0.0667094051897436 
NODATA_value -3.4e+38 
[rows 80 to 99 of 165, columns 138 to 183 of 195]
22.6059074401855 24.3336505889893 24.9731979370117 25.0280780792236 26.2559013366699 27.2294654846191 27.9099273681641 28.0387153625488 27.5236549377441 28.0755138397217 29.1061820983887 30.0265083312988 30.5969219207764 31.093505859375 31.6633014678955 31.5714302062988 31.9204750061035 30.8176574707031 29.4191112518311 29.9528923034668 30.1921348571777 28.9957370758057 28.1123142242432 27.9283237457275 27.4317092895508 27.1559352874756 26.9353923797607 26.5496311187744 25.9440097808838 25.9623489379883 25.6506690979004 25.6323432922363 25.6323432922363 25.3575496673584 24.8086128234863 23.6773910522461 22.8052539825439 22.4067707061768 22.1355686187744 21.9911003112793 21.037239074707 20.4821720123291 19.8405113220215 19.2730197906494 18.7084522247314 18.444881439209
23.0955696105957 24.8634643554688 26.4761829376221 26.4027442932129 28.2227210998535 28.8116664886475 29.308666229248 29.8240566253662 29.4375190734863 29.566370010376 30.6521091461182 31.3876495361328 31.9021091461182 32.1408233642578 32.5995979309082 32.7279815673828 32.6913070678711 31.7367916107178 30.8176574707031 30.4313411712646 30.744083404541 30.2657413482666 29.1614055633545 28.1123142242432 27.9651203155518 27.2662334442139 26.8067779541016 26.6965579986572 25.6689968109131 25.6323432922363 25.6323432922363 25.6323432922363 25.6506690979004 25.6323432922363 25.6323432922363 25.137866973877 23.7684345245361 23.2045421600342 22.1897773742676 22.1355686187744 21.522439956665 20.9834270477295 20.7504730224609 19.911642074585 19.4500560760498 19.0080013275146
23.3135719299316 25.7423152923584 27.3213882446289 28.296329498291 29.2718524932861 30.5049362182617 30.7624778747559 31.093505859375 30.3209438323975 30.9280071258545 31.9388408660889 32.5078773498535 33.1678810119629 34.0279998779297 33.9183044433594 33.8085784912109 33.6073303222656 32.1041069030762 31.516300201416 31.5346775054932 31.516300201416 31.0751190185547 30.1185245513916 28.7748546600342 27.9835186004639 27.9835186004639 27.5604362487793 26.9170169830322 26.5312671661377 25.6323432922363 25.6323432922363 25.6323432922363 25.8156471252441 26.2926063537598 25.9073295593262 25.9256687164307 24.954906463623 23.4590301513672 22.8959312438965 22.1717052459717 21.9189128875732 20.9834270477295 20.9834270477295 20.589427947998 20.0362224578857 19.8405113220215
24.6623878479004 26.8618946075439 28.5355796813965 29.2718524932861 29.3454818725586 31.2589740753174 32.0857429504395 32.5262222290039 31.8286399841309 32.4528350830078 33.3876647949219 33.7171173095703 33.8634452819824 34.1742057800293 34.9771919250488 34.5759468078613 33.9183044433594 33.1862030029297 31.8102703094482 31.9021091461182 31.7000465393066 31.516300201416 30.6705055236816 29.8056507110596 28.6460113525391 27.9835186004639 27.8731327056885 26.9905204772949 26.8067779541016 26.1641464233398 26.1274490356445 25.8889923095703 25.6323432922363 26.4027442932129 26.8067779541016 26.3293170928955 25.0280780792236 23.4044723510742 23.2772235870361 22.4067707061768 22.1355686187744 21.037239074707 20.9834270477295 20.9834270477295 20.7146682739258 19.8405113220215
27.5420455932617 28.7564468383789 30.136926651001 29.5479621887207 30.0449123382568 32.0306587219238 33.0762710571289 33.7171173095703 33.6256294250488 33.7171173095703 34.6124458312988 34.8313446044922 34.7219161987305 34.5941963195801 35.0136451721191 35.031867980957 34.7219161987305 33.845157623291 32.4895324707031 32.4161376953125 32.2509651184082 31.7919025421143 30.8912239074707 30.3393440246582 29.566370010376 28.5171737670898 27.6891822814941 26.8067779541016 26.8067779541016 27.2294654846191 26.8067779541016 26.7700347900391 25.8523178100586 26.0724086761475 26.6414546966553 25.6873264312744 24.9000377655029 23.5499877929688 23.2227096557617 22.1897773742676 22.1355686187744 21.5944538116455 20.9834270477295 20.9834270477295 20.8937835693359 20.1074695587158
29.4927406311035 29.6031837463379 31.4427871704102 31.7735328674316 32.5812568664551 33.3693542480469 34.155933380127 34.4116554260254 35.031867980957 34.6671867370605 35.0865325927734 35.031867980957 35.1594009399414 35.6689834594727 35.1776161193848 35.031867980957 35.031867980957 34.1924781799316 33.3876647949219 32.6913070678711 32.6546249389648 31.6081790924072 31.3876495361328 30.6705055236816 29.7688407897949 28.8300743103027 28.0755138397217 27.3949337005615 27.0640335083008 27.6523952484131 27.1007919311523 26.8067779541016 26.5312671661377 25.9256687164307 26.1457958221436 25.6323432922363 25.137866973877 24.2424049377441 23.1137275695801 22.4067707061768 22.1355686187744 21.6304721832275 20.9834270477295 20.9834270477295 20.9654941558838 20.1074695587158
29.3638896942139 29.5847759246826 31.1486663818359 32.2326126098633 32.9296569824219 33.6805229187012 34.4299163818359 35.2140426635742 35.9052543640137 35.8144073486328 35.6689834594727 35.0683097839355 35.141185760498 36.1957626342773 35.8689193725586 35.4688987731934 35.031867980957 34.6854286193848 33.845157623291 33.0029716491699 32.6913070678711 31.9939346313477 31.516300201416 30.9831771850586 29.6584033966064 29.1429977416992 28.8852939605713 27.9099273681641 27.817943572998 27.74436378479 27.7075748443604 26.6965579986572 26.3293170928955 25.7056541442871 25.6323432922363 25.5956916809082 24.7172145843506 24.4614486694336 23.75022315979 23.1863765716553 22.4791584014893 21.5044422149658 20.9834270477295 20.9834270477295 20.8221092224121 19.8405113220215
27.6707878112793 28.8852939605713 30.6153182983398 31.4611663818359 31.8470077514648 32.9113273620605 33.7537040710449 34.5576972961426 35.0500907897949 36.014232635498 36.1776161193848 35.9234237670898 36.0323944091797 36.1957626342773 36.1957626342773 35.2868843078613 34.9771919250488 34.3203506469727 33.8634452819824 33.8268699645996 33.021297454834 32.2509651184082 31.7000465393066 30.8728332519531 30.2841415405273 29.8976783752441 29.308666229248 28.6828231811523 28.6828231811523 28.3331356048584 27.6523952484131 26.8067779541016 25.9073295593262 25.6323432922363 25.6323432922363 25.5224018096924 24.5345020294189 24.4614486694336 24.0235385894775 23.2953968048096 23.0048007965088 21.973051071167 21.0910720825195 20.9834270477295 20.6251983642578 19.8405113220215
25.8156471252441 27.854736328125 28.9957370758057 29.2534446716309 30.7624778747559 32.1591835021973 33.4059753417969 33.7171173095703 34.7948722839355 35.7962341308594 36.1957626342773 36.1957626342773 36.1050148010254 35.8144073486328 35.8689193725586 35.3232955932617 34.9589653015137 34.0097198486328 33.8634452819824 33.6622276306152 32.709644317627 32.672966003418 32.0306587219238 31.4795455932617 31.3141231536865 30.6888999938965 30.2841415405273 30.2657413482666 29.8424625396729 29.1061820983887 28.1123142242432 27.1559352874756 26.4027442932129 25.6323432922363 25.6140174865723 25.6323432922363 25.4857616424561 24.7903308868408 24.2971477508545 23.4772186279297 23.2227096557617 22.4791584014893 22.0994415283203 21.9550018310547 20.9834270477295 20.1074695587158
24.845178604126 26.0907554626465 27.1007919311523 26.7149257659912 29.1245899200439 31.5714302062988 32.1224632263184 32.8379974365234 33.9000205993652 34.8313446044922 35.2504653930664 35.5962409973145 35.1958312988281 34.9407386779785 34.9589653015137 34.6854286193848 34.8131103515625 34.3386116027832 33.845157623291 33.7902870178223 32.9479866027832 32.3243827819824 31.6265544891357 31.516300201416 31.1118946075439 30.4129428863525 30.2657413482666 30.0633144378662 29.6031837463379 28.8484802246094 27.7259693145752 26.8251495361328 26.0540637969971 25.4674434661865 25.0463733673096 24.644115447998 24.5710353851318 24.5162353515625 24.443187713623 24.0964736938477 23.2953968048096 23.2408790588379 22.2982406616211 22.0452613830566 21.5044422149658 21.0013618469238
23.5317935943604 23.1863765716553 24.4249286651611 25.3209266662598 27.5236549377441 28.8484802246094 30.0633144378662 31.7551612854004 33.2411575317383 34.0279998779297 34.7583961486816 34.995418548584 34.8678131103516 35.031867980957 34.6489410400391 34.7036743164062 34.5394477844238 33.8817329406738 33.7902870178223 33.2411575317383 32.2142562866211 31.4979228973389 31.516300201416 31.1670532226562 30.3209438323975 30.2841415405273 29.7504348754883 29.3270740509033 29.1614055633545 28.1859169006348 27.3397731781006 26.5863590240479 25.7056541442871 25.3392372131348 24.4614486694336 24.4614486694336 24.443187713623 24.2424049377441 23.6773910522461 23.2953968048096 23.1863765716553 22.4972610473633 22.1355686187744 22.1355686187744 22.0813789367676 21.2526912689209
19.9650192260742 22.7146148681641 24.6258430480957 24.6623878479004 25.9990329742432 26.9537677764893 27.6891822814941 30.4681396484375 32.2693214416504 33.094596862793 33.7537040710449 34.0097198486328 34.0462799072266 33.9365921020508 34.2472839355469 34.1924781799316 33.8634452819824 33.4425926208496 32.709644317627 31.9021091461182 31.093505859375 31.4795455932617 31.516300201416 30.7256889343262 30.3393440246582 29.7504348754883 29.198221206665 28.4987697601318 28.5723896026611 27.4684867858887 26.7149257659912 25.7056541442871 25.6323432922363 25.2476902008057 24.4614486694336 24.443187713623 24.0235385894775 23.3862895965576 23.2953968048096 23.2953968048096 22.5153636932373 22.1355686187744 22.0272064208984 21.4864463806152 21.0731258392334 20.9834270477295
22.4067707061768 22.7508659362793 21.9189128875732 22.6240215301514 21.9369564056396 23.914176940918 24.5345020294189 28.1491165161133 30.6705055236816 31.7551612854004 33.3510437011719 33.4059753417969 33.845157623291 33.8085784912109 33.9731559753418 33.5890274047852 32.8379974365234 32.3977890014648 31.9755706787109 31.2773590087891 31.4611663818359 31.4244079589844 30.8176574707031 30.2841415405273 29.8792724609375 28.8852939605713 28.6644172668457 27.9835186004639 27.6156101226807 26.9353923797607 25.8523178100586 25.6323432922363 25.5407238006592 24.6258430480957 24.0235385894775 23.4408416748047 23.2953968048096 23.2227096557617 23.0048007965088 22.6964931488037 22.1355686187744 22.1355686187744 22.1355686187744 21.9369564056396 21.1090202331543 20.9834270477295
21.9189128875732 22.1355686187744 21.558443069458 22.6602535247803 21.8467540740967 21.2526912689209 23.168212890625 26.0907554626465 28.8852939605713 31.2038230895996 32.2876739501953 32.1224632263184 32.5812568664551 32.6913070678711 33.1495628356934 32.1775398254395 31.7735328674316 31.2773590087891 31.350887298584 31.4979228973389 31.3325061798096 30.3945426940918 29.5479621887207 29.566370010376 29.2166290283203 28.2595252990723 27.9099273681641 27.4133205413818 26.8802680969238 26.2742538452148 25.0280780792236 25.265998840332 24.845178604126 23.6045799255371 23.2953968048096 23.2953968048096 23.2953968048096 23.2045421600342 22.4248638153076 22.1355686187744 22.1355686187744 22.1355686187744 22.1355686187744 22.1355686187744 22.0272064208984 21.4144840240479
20.8041973114014 21.7205543518066 22.6421356201172 21.1808376312256 20.589427947998 22.2078495025635 24.3519039154053 26.5679950714111 28.5171737670898 30.3025417327881 30.4313411712646 30.6337127685547 31.7184200286865 32.1591835021973 31.6633014678955 30.9831771850586 30.6705055236816 31.4795455932617 31.2773590087891 30.8728332519531 30.3761444091797 29.4559268951416 29.198221206665 28.9957370758057 28.3331356048584 27.891529083252 26.9170169830322 26.5679950714111 25.3392372131348 24.3884143829346 23.8595123291016 23.8595123291016 23.4772186279297 23.2953968048096 23.368106842041 23.2953968048096 23.2772235870361 22.9322147369385 22.1717052459717 22.1355686187744 22.1355686187744 22.1355686187744 22.1355686187744 22.1355686187744 22.1355686187744 22.0813789367676
20.3928565979004 21.0192985534668 21.5404415130615 20.3036041259766 20.1965847015381 23.2408790588379 25.2293853759766 27.3213882446289 27.9283237457275 27.7627582550049 28.8116664886475 30.2473392486572 30.4313411712646 30.2105369567871 30.0817184448242 30.3209438323975 30.6521091461182 30.8728332519531 30.7624778747559 29.4927406311035 29.9160823822021 28.7380409240723 28.4803657531738 28.1859169006348 27.3581600189209 26.6965579986572 26.237548828125 25.3941764831543 24.1329479217529 24.0235385894775 24.1876697540283 23.8412952423096 23.513599395752 23.2953968048096 23.3135719299316 23.2953968048096 22.9503593444824 22.6240215301514 22.1355686187744 22.1355686187744 22.1355686187744 22.0994415283203 22.0272064208984 22.1355686187744 22.1355686187744 22.1355686187744
19.4500560760498 19.9294319152832 20.8041973114014 19.4500560760498 20.339298248291 22.280158996582 24.0417709350586 26.7700347900391 27.3765468597412 26.0540637969971 27.9467220306396 28.9037017822266 28.2411231994629 28.9589233398438 30.136926651001 29.1245899200439 29.3454818725586 30.744083404541 29.308666229248 28.2595252990723 28.6276054382324 27.1559352874756 26.4578227996826 26.8251495361328 26.2008457183838 25.1744709014893 25.0646705627441 24.4066715240479 24.3336505889893 24.0417709350586 23.368106842041 23.2953968048096 23.2953968048096 23.2953968048096 23.2953968048096 23.2953968048096 23.2045421600342 22.3524971008301 22.1355686187744 22.1355686187744 22.1355686187744 22.1355686187744 22.117504119873 22.1355686187744 22.0272064208984 21.9369564056396
18.3747138977051 19.0609531402588 20.6251983642578 21.2886295318604 21.7566013336182 23.6773910522461 24.954906463623 26.4394626617432 26.4394626617432 26.7700347900391 26.0540637969971 27.5052642822266 28.5171737670898 29.7320289611816 29.9897003173828 29.8424625396729 30.0265083312988 29.8424625396729 27.891529083252 26.9170169830322 27.045654296875 26.0357189178467 24.7354907989502 24.6258430480957 24.2789001464844 24.1511878967285 24.0417709350586 24.1329479217529 23.4044723510742 23.1500492095947 23.2953968048096 23.2953968048096 23.2953968048096 23.2953968048096 23.2953968048096 23.2953968048096 23.2953968048096 22.6602535247803 22.2078495025635 22.1355686187744 22.1355686187744 22.1355686187744 21.9369564056396 21.6845149993896 21.7205543518066 21.0731258392334
17.6237487792969 17.0172481536865 21.0013618469238 22.3705863952637 23.8230781555176 24.9366149902344 25.3209266662598 26.1824951171875 27.4684867858887 27.854736328125 27.6707878112793 28.4619598388672 29.4007053375244 30.0449123382568 29.4927406311035 29.087776184082 27.1375541687012 27.6156101226807 26.8802680969238 24.607572555542 24.7720489501953 24.607572555542 23.75022315979 23.6227798461914 23.6227798461914 22.6964931488037 22.859655380249 22.5696849822998 22.3344097137451 22.53346824646 23.0048007965088 23.0955696105957 23.2953968048096 23.3135719299316 23.2953968048096 23.2953968048096 22.9685039520264 22.2620792388916 22.1355686187744 22.1355686187744 21.7566013336182 21.7746276855469 21.5764465332031 21.1269721984863 21.037239074707 20.8579425811768
17.571590423584 18.6556816101074 19.1669330596924 22.678373336792 23.6227798461914 25.137866973877 24.6623878479004 25.449125289917 27.4317092895508 28.2411231994629 28.1123142242432 28.7748546600342 29.7320289611816 29.2534446716309 28.4987697601318 27.1375541687012 26.5312671661377 25.2843074798584 23.9688510894775 23.0592575073242 23.1318874359131 22.5153636932373 22.6602535247803 22.8052539825439 22.9685039520264 21.8828296661377 21.8828296661377 22.1355686187744 22.1355686187744 22.1355686187744 22.1355686187744 22.1717052459717 22.9503593444824 23.2772235870361 22.6421356201172 22.6240215301514 22.3705863952637 22.1355686187744 22.1355686187744 22.1355686187744 21.558443069458 21.0551815032959 20.9834270477295 20.9834270477295 20.5357894897461 19.8582897186279
