CS/resis_rast.asc
NCOLS 195 
NROWS 165 
XLLCORNER -114.008318537 
YLLCORNER 32.991665327 
CELLSIZE 0.0667094051897436 
NODATA_value -3.4e+38 
[rows 80 to 99 of 165, columns 46 to 91 of 195]
44.4186477661133 44.6087646484375 45.7434959411621 46.1705894470215 46.4431266784668 47.2062149047852 47.2400131225586 46.8676948547363 46.9185371398926 46.3409996032715 45.452205657959 45.2977142333984 45.2289886474609 45.2805366516113 43.2024040222168 41.1991157531738 39.813606262207 39.4922866821289 40.0274963378906 40.5433120727539 41.1460418701172 38.8658866882324 35.4325065612793 36.014232635498 29.9528923034668 21.6484851837158 18.8669281005859 22.0633201599121 21.5044422149658 29.1614055633545 28.0387153625488 24.4614486694336 18.0945644378662 7.35142612457275 5.73740482330322 7.72641181945801 11.0447874069214 20.1431064605713 24.0964736938477 26.7700347900391 32.1958961486816 37.3543815612793 39.581600189209 40.3122787475586 39.902759552002 37.5168495178223
47.7120933532715 47.8970031738281 48.1151237487793 48.215648651123 47.9473762512207 46.4771499633789 45.8803329467773 45.7434959411621 46.1023559570312 45.1086273193359 45.2289886474609 44.7295989990234 44.1069526672363 44.626033782959 43.6032333374023 40.258918762207 37.6791954040527 35.9234237670898 38.255428314209 41.4818840026855 40.7917633056641 39.581600189209 35.7417030334473 26.7516651153564 20.1787567138672 3.10825514793396 8.08114528656006 11.229642868042 16.8620204925537 24.6258430480957 31.1118946075439 29.3454818725586 25.778980255127 11.0909090042114 3.805335521698 6.57364416122437 10.6476697921753 16.2784404754639 18.0071907043457 20.9834270477295 26.0724086761475 30.7624778747559 34.356876373291 38.0215263366699 38.4531326293945 38.0035209655762
49.4310646057129 49.5633926391602 49.2156600952148 49.0330429077148 48.5667381286621 46.5281639099121 45.177417755127 44.2802085876465 43.6380348205566 43.4639472961426 43.7076072692871 43.8813819885254 43.1500358581543 44.3494491577148 43.5858306884766 41.2168045043945 37.8774528503418 37.6070556640625 39.2956466674805 42.0106887817383 39.653018951416 36.6852416992188 36.1776161193848 26.3293170928955 12.1206521987915 1.24020719528198 2.04218411445618 11.8684406280518 20.0362224578857 28.2779273986816 30.2473392486572 29.5847759246826 30.0449123382568 23.914176940918 11.3069524765015 2.77552390098572 5.36160373687744 7.93031167984009 9.34025287628174 12.7740840911865 20.4285755157471 22.53346824646 27.1559352874756 33.5158195495605 36.4134292602539 37.0290946960449
49.1658897399902 49.0164260864258 49.6294937133789 49.8604965209961 49.0164260864258 47.6784400939941 46.630126953125 45.177417755127 43.864013671875 42.4674987792969 43.2373046875 42.1513938903809 42.2392692565918 44.7985992431641 43.9681854248047 40.7917633056641 36.9929237365723 42.2216987609863 42.0810585021973 39.2419815063477 37.3543815612793 35.7417030334473 34.356876373291 29.5111484527588 13.6986169815063 1.34046459197998 5.64235925674438 11.9313430786133 16.5696601867676 23.5317935943604 27.4500980377197 32.0122985839844 30.4129428863525 29.308666229248 25.3026161193848 16.7587070465088 5.66605281829834 5.71357583999634 3.28362941741943 3.59509515762329 7.71289253234863 14.4241809844971 19.7871894836426 24.3336505889893 30.6888999938965 33.4975128173828
49.5799217224121 49.8110427856445 50.0909690856934 50.0909690856934 49.6790390014648 49.0330429077148 47.9641647338867 46.6131401062012 43.864013671875 41.8170051574707 42.5727157592773 40.8449554443359 42.6077690124512 45.8119316101074 45.4865112304688 41.9402885437012 39.9918670654297 43.6902160644531 42.1162300109863 36.0505485534668 34.1011085510254 35.8507499694824 33.643928527832 29.3638896942139 18.4975395202637 8.5682373046875 16.39821434021 18.6908588409424 21.0551815032959 30.5049362182617 31.2589740753174 29.7320289611816 30.4129428863525 31.3876495361328 30.8360500335693 27.6340026855469 21.3425540924072 17.0863361358643 12.168119430542 3.99226212501526 1.50228130817413 3.84427976608276 6.86753082275391 12.8222875595093 19.8405113220215 24.8634643554688
49.3979568481445 48.9332962036133 49.4641609191895 49.3813972473145 49.2985610961914 48.2826118469238 48.6001129150391 46.4941558837891 42.8354225158691 40.1699447631836 40.5077896118164 39.7244110107422 42.2392692565918 41.6230773925781 44.1242904663086 42.5551834106445 40.7030754089355 42.9578552246094 40.8804054260254 37.3182640075684 31.8102703094482 33.1862030029297 32.6362838745117 29.4559268951416 26.7516651153564 23.914176940918 21.558443069458 21.3785152435303 22.280158996582 26.7332954406738 30.5785255432129 31.0567321777344 28.7932605743408 28.5171737670898 31.7367916107178 30.7072944641113 27.3030014038086 25.6140174865723 20.5715465545654 12.629789352417 3.31940889358521 1.76368141174316 1.50682997703552 4.53903770446777 9.39838886260986 14.1922483444214
48.5500450134277 47.9137954711914 47.6952667236328 48.0145072937012 48.4331245422363 48.1151237487793 46.9354782104492 47.3413429260254 44.5914916992188 40.5965843200684 38.9196624755859 37.5890197753906 39.4208068847656 42.6428184509277 43.1674957275391 43.8987464904785 43.0102958679199 42.2919692993164 40.8626823425293 36.0505485534668 33.5158195495605 31.9388408660889 33.0029716491699 31.5898056030273 27.891529083252 24.8086128234863 26.5496311187744 27.1559352874756 28.6460113525391 30.0449123382568 28.977331161499 25.5224018096924 26.4394626617432 28.9405155181885 30.2289371490479 31.1854381561279 30.964786529541 27.9835186004639 25.2293853759766 20.8937835693359 14.7905941009521 10.4810934066772 5.83316946029663 2.10642743110657 2.92223572731018 5.68979167938232
45.3492317199707 36.8843765258789 37.2640724182129 43.5161972045898 47.6784400939941 47.5100173950195 46.2217407226562 47.2400131225586 45.5893707275391 43.8466453552246 42.9578552246094 39.2419815063477 39.2419815063477 41.1814270019531 41.5877914428711 43.3070793151855 40.7208137512207 40.7030754089355 39.4744186401367 39.1346015930176 32.5812568664551 32.4528350830078 30.9096164703369 31.5898056030273 30.6705055236816 28.0755138397217 25.9073295593262 27.2294654846191 26.5496311187744 27.5052642822266 30.7808704376221 26.7332954406738 24.4979724884033 23.2772235870361 25.7423152923584 25.9990329742432 28.1859169006348 27.17431640625 24.2971477508545 21.8828296661377 17.7281589508057 9.60286617279053 5.68979167938232 3.75696396827698 2.68834090232849 3.12552642822266
42.1338157653809 21.3066024780273 18.2870788574219 40.1165428161621 46.2387847900391 47.3075752258301 46.630126953125 46.7998695373535 47.3582229614258 44.4705276489258 41.5348472595215 38.8300323486328 39.0987968444824 43.0102958679199 42.695369720459 40.0809288024902 38.255428314209 38.632698059082 37.4266052246094 37.5348930358887 34.265552520752 30.0817184448242 30.2841415405273 29.8976783752441 30.3761444091797 26.8986415863037 23.4954090118408 24.6258430480957 26.6047229766846 27.1007919311523 28.7564468383789 29.3822975158691 25.8706550598145 25.8889923095703 26.0540637969971 23.9688510894775 23.6773910522461 20.4464378356934 17.2073822021484 15.4457550048828 14.5072498321533 11.8056392669678 6.4475679397583 4.08250713348389 2.92223572731018 2.48246216773987
41.2875366210938 31.2405910491943 25.265998840332 41.1991157531738 46.5281639099121 47.7961807250977 47.1724090576172 45.3320617675781 48.5500450134277 44.4532356262207 40.4367218017578 40.9867134094238 42.0810585021973 42.1162300109863 37.4446563720703 34.7766342163086 34.265552520752 35.2686767578125 34.155933380127 34.2472839355469 33.0029716491699 28.7748546600342 28.8852939605713 27.192699432373 24.1876697540283 25.3575496673584 24.114709854126 23.0592575073242 22.3886775970459 23.6409816741943 29.4927406311035 30.8912239074707 30.3393440246582 28.2595252990723 24.7537708282471 23.0955696105957 21.8647918701172 11.2450914382935 9.10899543762207 7.94397830963135 5.95387554168701 5.46611022949219 5.20091867446899 4.50711679458618 1.32870674133301 10.1364040374756
41.3935737609863 35.614429473877 22.6240215301514 40.6320877075195 45.3148880004883 47.4763031005859 47.5605735778809 46.6810760498047 48.5333518981934 43.6902160644531 42.695369720459 42.2568397521973 40.6498374938965 37.733283996582 35.0865325927734 33.8085784912109 30.5969219207764 30.4865379333496 30.6153182983398 29.7872467041016 23.5863819122314 25.265998840332 22.3886775970459 22.9685039520264 23.5863819122314 24.3884143829346 25.1561679840088 24.0235385894775 21.973051071167 21.6304721832275 20.3214511871338 25.7056541442871 28.1123142242432 29.6768093109131 26.4761829376221 20.5715465545654 13.1935577392578 7.80772304534912 6.5989842414856 7.2324857711792 2.72773480415344 2.01696968078613 1.03359055519104 1.52059030532837 1.44489228725433 1.00228035449982
45.7434959411621 43.0976486206055 36.3590316772461 26.1457958221436 37.4266052246094 47.2906875610352 48.6835098266602 48.4665451049805 49.3317031860352 47.0540046691895 44.0202407836914 41.8170051574707 36.5584335327148 32.1591835021973 29.5295562744141 27.4868755340576 24.5527667999268 19.9650192260742 24.3701591491699 25.1744709014893 16.1759357452393 11.5866422653198 13.5351247787476 20.9834270477295 24.1694278717041 24.4614486694336 24.8634643554688 24.5710353851318 24.443187713623 22.7327404022217 18.1645240783691 17.1900787353516 15.801365852356 20.9117069244385 24.9731979370117 22.9685039520264 12.1839542388916 5.50115394592285 3.66125893592834 1.14700293540955 6.34873151779175 1.21631479263306 5.18676519393921 1.72838366031647 2.33670783042908 1.05777454376221
48.0145072937012 48.3328056335449 46.5111618041992 43.1151161193848 44.7985992431641 46.715030670166 48.8001518249512 50.1731491088867 49.7120552062988 47.0370826721191 44.2455749511719 41.993091583252 36.7395668029785 33.643928527832 29.6215896606445 26.0540637969971 19.0786094665527 15.8523235321045 21.3425540924072 21.0731258392334 10.4207363128662 4.71120071411133 5.13276195526123 19.9472236633301 24.607572555542 24.607572555542 24.6806621551514 25.3758640289307 26.8618946075439 25.6689968109131 21.0013618469238 17.2073822021484 13.4372873306274 8.82287502288818 11.9156074523926 17.919900894165 16.6383495330811 7.4444751739502 8.13626384735107 2.40194869041443 5.95517635345459 7.63711786270142 16.2392101287842 17.3108577728271 50.2141723632812 8.56543827056885
48.2993469238281 49.5799217224121 48.7168502807617 48.4164123535156 44.0722732543945 45.00537109375 48.4999542236328 50.238842010498 48.8168029785156 45.7092628479004 44.4532356262207 40.4367218017578 35.3597030639648 28.4067478179932 26.237548828125 20.339298248291 22.9685039520264 17.919900894165 27.5236549377441 28.5539836883545 24.1694278717041 19.149263381958 18.147029876709 22.6964931488037 25.4674434661865 27.5420455932617 25.4124927520752 25.9073295593262 27.0824127197266 26.4394626617432 24.1329479217529 20.4285755157471 15.4119882583618 10.7541208267212 6.5989842414856 5.67791700363159 8.48397445678711 4.00223588943481 2.17907023429871 1.43211114406586 1.00928950309753 2.86619186401367 2.94062185287476 7.57201957702637 7.68072891235352 20.5960369110107
48.7168502807617 49.4145126342773 48.8667449951172 50.0087203979492 47.8802032470703 48.1318855285645 50.2060012817383 50.3208999633789 47.8129920959473 44.6950874328613 43.4291038513184 42.1162300109863 37.9675102233887 32.5262222290039 22.4248638153076 20.5179138183594 19.0256481170654 20.9475631713867 29.4375190734863 33.021297454834 28.8300743103027 26.7149257659912 27.6523952484131 26.6598224639893 28.7380409240723 30.4129428863525 28.0755138397217 27.17431640625 26.9537677764893 27.0088977813721 26.237548828125 24.2971477508545 20.4821720123291 15.9373378753662 9.16661548614502 6.31009578704834 7.29846715927124 8.30247783660889 4.20451068878174 1.12740755081177 1.25498831272125 2.42578649520874 17.6528358459473 6.68030548095703 23.853271484375 19.635684967041
47.9809455871582 50.4520492553711 51.1701774597168 51.3164024353027 50.713809967041 50.6484375 50.5666580200195 47.5268745422363 48.2993469238281 47.3075752258301 40.2411270141602 38.6506462097168 40.1699447631836 34.8131103515625 32.5812568664551 24.6806621551514 18.9198093414307 27.4317092895508 28.977331161499 35.4507026672363 33.2594718933105 30.6888999938965 31.1486663818359 30.6337127685547 31.9388408660889 32.7646560668945 31.6081790924072 29.3822975158691 27.192699432373 26.310962677002 26.237548828125 24.9366149902344 22.225923538208 19.0609531402588 13.2422046661377 7.48449659347534 7.94397830963135 7.61851787567139 4.15344429016113 2.48246216773987 1.14964437484741 5.1536111831665 2.68217945098877 1.70961809158325 5.88219976425171 2.43486785888672
45.8290367126465 51.8344535827637 52.5099639892578 51.7860069274902 51.882869720459 51.1701774597168 48.8501014709473 46.4261131286621 44.0722732543945 45.5722312927246 43.2896385192871 41.6230773925781 37.4266052246094 35.5962409973145 34.3751373291016 31.2405910491943 27.5420455932617 31.0383434295654 35.3414993286133 36.5765533447266 36.5765533447266 34.4299163818359 34.3386116027832 33.2961044311523 33.1862030029297 35.4688987731934 33.735408782959 30.7624778747559 30.0633144378662 27.9651203155518 24.8817501068115 23.0774116516113 21.7566013336182 19.2730197906494 15.3782396316528 13.8462152481079 12.168119430542 8.83710193634033 5.73740482330322 3.0824601650238 1.2355625629425 1.00057971477509 2.39873194694519 7.90133714675903 1.88802695274353 2.08817839622498
47.7289161682129 49.9757995605469 52.6060523986816 52.5420074462891 52.0923881530762 50.7301483154297 49.0496559143066 47.0540046691895 44.6950874328613 41.6759910583496 41.6230773925781 42.5551834106445 40.7917633056641 38.7941665649414 35.2868843078613 33.3876647949219 33.4425926208496 34.8313446044922 37.0471801757812 39.7600936889648 37.1014213562012 36.9929237365723 37.0471801757812 35.7235260009766 35.3414993286133 37.2460060119629 35.759880065918 33.9914398193359 33.0029716491699 30.0817184448242 27.854736328125 26.1274490356445 22.6059074401855 22.2982406616211 20.9117069244385 17.5020961761475 13.7313795089722 10.4509000778198 7.71289253234863 3.53893184661865 1.19310200214386 3.69757771492004 10.7003126144409 20.1328830718994 1.46910190582275 1.30315029621124
50.3208999633789 49.2156600952148 51.5919761657715 52.3816871643066 51.8505935668945 50.8117866516113 48.9000244140625 46.2899017333984 43.411678314209 42.0634689331055 44.0028915405273 44.8158416748047 42.4324073791504 39.1882972717285 35.3232955932617 33.2228393554688 35.7235260009766 38.1834831237793 40.6320877075195 41.5701446533203 39.0092506408691 40.2411270141602 39.2956466674805 38.0215263366699 37.7873611450195 38.0035209655762 38.0575256347656 36.3590316772461 34.0828323364258 32.1958961486816 30.8728332519531 28.4803657531738 24.9914894104004 23.4590301513672 25.2843074798584 23.1500492095947 18.1120510101318 13.7805633544922 10.8303689956665 7.49785614013672 3.68982458114624 1.44453573226929 23.6197853088379 28.4867916107178 6.54235649108887 1.24020719528198
52.3656387329102 51.5596008300781 51.3164024353027 51.9957466125488 51.0400123596191 50.2552604675293 48.0815963745117 45.5379524230957 44.4013519287109 47.2737998962402 47.779369354248 45.4350509643555 42.2568397521973 38.9734191894531 35.1229705810547 34.5759468078613 36.9386558532715 40.1699447631836 42.6428184509277 42.7829208374023 42.4674987792969 41.5348472595215 41.4112396240234 39.5101547241211 38.7762336730957 39.8671035766602 37.8053817749023 36.0323944091797 36.2864799499512 35.541675567627 33.534122467041 29.8608684539795 26.5496311187744 26.2191963195801 27.3581600189209 28.0939140319824 25.7239837646484 19.9294319152832 16.8103466033936 15.2434244155884 9.77935314178467 1.87155270576477 2.89789247512817 5.56157732009888 1.10482311248779 1.81964814662933
