CS/resis_rast.asc
NCOLS 195 
NROWS 165 
XLLCORNER -114.008318537 
YLLCORNER 32.991665327 
CELLSIZE 0.0667094051897436 
NODATA_value -3.4e+38 
[rows 140 to 159 of 165, columns 46 to 91 of 195]
12.7901458740234 15.4964380264282 18.0071907043457 20.1787567138672 22.1355686187744 24.698938369751 26.2008457183838 27.0824127197266 28.2595252990723 28.4803657531738 30.0633144378662 31.7367916107178 33.6988182067871 34.9407386779785 34.6854286193848 35.614429473877 36.1231689453125 36.5221900939941 36.3046188354492 36.4315605163574 35.9052543640137 36.3952980041504 36.7033500671387 36.7395668029785 36.5765533447266 35.9234237670898 35.0865325927734 34.2290153503418 33.2045211791992 32.4161376953125 29.9897003173828 28.4067478179932 27.5420455932617 28.0387153625488 29.9712963104248 29.308666229248 28.5907936096191 27.3030014038086 27.6891822814941 28.296329498291 29.6584033966064 30.5049362182617 31.4611663818359 31.4979228973389 30.4681396484375 25.7606468200684
10.1057767868042 12.1522912979126 14.0271873474121 15.8353328704834 17.6237487792969 20.1252861022949 22.2620792388916 24.3153991699219 26.1091003417969 26.0357189178467 27.9835186004639 29.4191112518311 31.3141231536865 32.2876739501953 31.8470077514648 32.6546249389648 32.856330871582 33.7171173095703 33.9183044433594 33.8817329406738 34.4299163818359 33.8268699645996 35.414306640625 36.0687065124512 35.5962409973145 35.614429473877 35.6507987976074 35.414306640625 34.0462799072266 33.6073303222656 32.7829933166504 32.4895324707031 31.6449279785156 29.2902603149414 31.9572067260742 32.2142562866211 32.5078773498535 29.8976783752441 27.6156101226807 27.4317092895508 29.9897003173828 30.8544406890869 31.516300201416 30.5417308807373 29.5479621887207 26.9537677764893
6.80318403244019 9.03715515136719 10.0461549758911 11.7899551391602 13.9448499679565 16.4153423309326 18.252046585083 20.5357894897461 22.3344097137451 23.6227798461914 25.6323432922363 27.7811527252197 30.3393440246582 30.3209438323975 28.7564468383789 28.7564468383789 28.7932605743408 30.3209438323975 31.1302795410156 31.0383434295654 30.6888999938965 31.1486663818359 33.4425926208496 34.5211944580078 34.4116554260254 33.1862030029297 33.9731559753418 34.4664306640625 34.4481735229492 34.0279998779297 33.5158195495605 33.9183044433594 34.5211944580078 34.356876373291 33.4975128173828 32.7829933166504 32.2876739501953 31.7367916107178 29.5479621887207 28.001916885376 29.308666229248 30.4129428863525 30.7992630004883 29.087776184082 27.5236549377441 25.5956916809082
3.37351322174072 5.67791700363159 6.66251468658447 8.31638622283936 10.9220962524414 13.1935577392578 14.8073053359985 16.2784404754639 18.2345352172852 20.4285755157471 22.7871227264404 24.6258430480957 26.6965579986572 27.5420455932617 25.8706550598145 24.7537708282471 22.6964931488037 24.4614486694336 24.8634643554688 25.9990329742432 27.192699432373 30.2289371490479 31.350887298584 32.5629119873047 32.4161376953125 30.8544406890869 30.0817184448242 30.7808704376221 31.9021091461182 32.1408233642578 32.0122985839844 32.5629119873047 33.1129188537598 33.1312408447266 33.0579490661621 29.3270740509033 30.7808704376221 29.2350368499756 25.8339824676514 27.6156101226807 27.9099273681641 27.7627582550049 29.8056507110596 28.8668880462646 26.9537677764893 29.4927406311035
1.69363653659821 2.48246216773987 3.34639596939087 5.41954708099365 7.91665410995483 9.6909704208374 10.7845993041992 11.9313430786133 13.4861822128296 16.1930103302002 17.0863361358643 19.3615016937256 22.4610595703125 22.0813789367676 21.9369564056396 20.6788730621338 19.8760719299316 18.0246601104736 21.5404415130615 22.859655380249 24.0600032806396 26.4578227996826 28.8852939605713 30.4681396484375 29.9712963104248 29.087776184082 28.6460113525391 28.3699417114258 29.4191112518311 29.9712963104248 31.0015659332275 30.8728332519531 31.1486663818359 30.3577442169189 28.9957370758057 30.1001224517822 31.7551612854004 29.566370010376 29.1061820983887 28.977331161499 28.3699417114258 27.045654296875 27.4133205413818 26.2559013366699 26.237548828125 27.9467220306396
1.95515060424805 1.58218884468079 2.68834090232849 2.9388439655304 3.58569931983948 5.71357583999634 6.82889223098755 7.37796354293823 8.65281009674072 9.80887603759766 12.4381399154663 13.9283971786499 17.0690574645996 16.1417999267578 16.5696601867676 16.3468589782715 15.15931224823 13.9777688980103 16.6727180480957 18.6029396057129 17.7281589508057 22.8233852386475 26.6414546966553 29.0693683624268 29.9160823822021 28.8484802246094 27.4684867858887 26.9353923797607 27.3581600189209 26.7149257659912 28.0203151702881 27.5236549377441 28.2595252990723 27.3581600189209 25.5224018096924 26.1274490356445 29.4927406311035 29.8240566253662 30.1185245513916 29.6399974822998 28.4435558319092 27.3030014038086 25.5040817260742 23.1318874359131 19.5918865203857 16.039493560791
3.25694823265076 2.37316107749939 4.48589992523193 4.16363143920898 3.11688327789307 6.73909044265747 8.76605129241943 9.66157150268555 8.52606678009033 6.82889223098755 8.27468681335449 9.66157150268555 10.3454523086548 11.6647109985352 10.1356325149536 8.7235221862793 7.61851787567139 7.47114658355713 10.0015182495117 10.9374084472656 10.5567026138306 15.8693180084229 22.2078495025635 26.6598224639893 27.5420455932617 27.9467220306396 26.8802680969238 25.137866973877 24.0600032806396 22.4067707061768 24.2789001464844 25.7239837646484 27.2846164703369 26.7149257659912 26.310962677002 24.9914894104004 25.0463733673096 23.6773910522461 27.045654296875 27.9283237457275 24.7720489501953 25.6873264312744 26.3293170928955 25.2843074798584 23.1863765716553 21.2347240447998
4.89761638641357 3.40076065063477 4.30762672424316 7.27204513549805 3.37351322174072 6.35993766784668 10.0759515762329 10.255352973938 10.708456993103 8.59639453887939 8.37210941314697 10.7693567276001 10.0610494613647 8.93692493438721 6.67525196075439 3.23039865493774 2.69618821144104 2.42371153831482 2.3803334236145 2.60306143760681 2.52720522880554 7.28525114059448 15.801365852356 23.3499279022217 26.1457958221436 24.5527667999268 25.4857616424561 25.2476902008057 22.5877952575684 21.1628799438477 20.6609802246094 23.7684345245361 24.644115447998 24.9731979370117 24.5893039703369 22.8777923583984 20.9654941558838 15.041748046875 20.2679214477539 25.9990329742432 21.1987972259521 17.9373512268066 25.7606468200684 26.0357189178467 20.7862873077393 23.6955966949463
6.34746122360229 4.28689908981323 5.524573802948 8.26080417633057 6.29766178131104 7.82130718231201 12.7259330749512 10.0312690734863 11.1525011062622 12.4540777206421 10.9527273178101 11.1062965393066 9.83842945098877 8.37210941314697 5.14409160614014 1.84830546379089 1.37874937057495 1.5676908493042 1.26497566699982 1.00095748901367 1.4542783498764 1.78585171699524 9.34025287628174 16.8447914123535 22.2439994812012 21.1808376312256 20.8579425811768 21.9189128875732 21.1808376312256 17.4326572418213 17.1036167144775 20.3750019073486 22.4610595703125 16.5010356903076 17.2073822021484 17.6063594818115 16.5868282318115 16.6555328369141 19.2553310394287 20.4285755157471 20.1074695587158 23.8595123291016 27.1375541687012 26.8618946075439 23.4772186279297 25.559045791626
6.91918992996216 6.06345129013062 6.88043069839478 10.9220962524414 7.37796354293823 9.54428672790527 13.6331558227539 13.6658763885498 8.31638622283936 14.8073053359985 13.1611547470093 10.4358148574829 4.50711679458618 5.21231937408447 3.55759644508362 3.91295838356018 3.98230195045471 1.34374845027924 1.21687185764313 1.00297784805298 1.21300780773163 1.00199699401855 2.98063087463379 2.3517427444458 5.06503534317017 12.8544521331787 16.39821434021 13.6004571914673 15.192943572998 11.1216917037964 12.8866395950317 13.5514497756958 17.3979606628418 16.3126411437988 15.4457550048828 16.0224571228027 15.2097663879395 12.8062143325806 13.9119510650635 11.8841562271118 17.3979606628418 23.2227096557617 25.2843074798584 28.3515377044678 29.4743347167969 30.0265083312988
7.52460384368896 5.50115394592285 8.49799633026123 13.1773529052734 8.37210941314697 7.80772304534912 12.2156419754028 13.0640802383423 9.47123908996582 14.2087821960449 14.6737546920776 11.1062965393066 10.2853565216064 7.98503303527832 5.35004997253418 9.54428672790527 1.30674135684967 1.02980434894562 1.26540720462799 4.87791919708252 6.46442127227783 1.92343616485596 1.01538872718811 1.00725758075714 1.19892072677612 8.23306655883789 9.23882293701172 1.91889941692352 6.12470865249634 7.97133922576904 17.27663230896 18.6556816101074 19.0962677001953 20.5536651611328 19.911642074585 18.6380977630615 22.3705863952637 21.2886295318604 19.2376461029053 21.8106880187988 22.3344097137451 24.5710353851318 22.0994415283203 28.8484802246094 29.6399974822998 30.3393440246582
5.17815208435059 4.5497031211853 5.57155084609985 10.7693567276001 9.19547367095947 8.9512186050415 12.2314949035645 10.4509000778198 8.386061668396 13.8626413345337 15.4457550048828 14.6404142379761 10.968053817749 6.100172996521 9.76460361480713 10.6780490875244 2.82387256622314 1.00074410438538 1.58555722236633 6.96221494674683 14.4641227722168 3.55749654769897 1.02304017543793 1.22925043106079 2.0548951625824 3.17769646644592 3.33738565444946 1.50228130817413 7.68588161468506 10.2104024887085 19.0256481170654 19.2376461029053 15.5640773773193 18.1820220947266 21.3605327606201 21.144926071167 22.2439994812012 21.45046043396 23.2953968048096 25.4124927520752 25.5407238006592 27.7627582550049 27.9835186004639 28.6276054382324 29.198221206665 28.1123142242432
1.01626002788544 11.322434425354 9.20991516113281 12.2949686050415 17.9548072814941 15.801365852356 13.6495132446289 12.3585395812988 13.6658763885498 15.0753154754639 14.4740076065063 13.2746629714966 10.6932497024536 11.0447874069214 12.6938619613647 10.0312690734863 7.49785614013672 2.51970767974854 1.04304587841034 1.6082090139389 1.70342111587524 1.28421235084534 1.12040865421295 1.60672748088837 3.24808359146118 2.24002861976624 2.9388439655304 7.16674757003784 10.3604946136475 15.7843885421753 19.3261013031006 17.7629909515381 17.172779083252 20.7683792114258 23.2408790588379 22.0994415283203 15.4288692474365 12.5338573455811 17.4847316741943 24.3336505889893 26.310962677002 26.8067779541016 27.3030014038086 27.4317092895508 26.0173759460449 19.4323406219482
3.69937443733215 13.0479202270508 16.9137287139893 19.2553310394287 16.3639736175537 9.63220310211182 12.263219833374 11.6334638595581 10.8609170913696 14.8240203857422 14.557149887085 13.4861822128296 13.1449613571167 12.7901458740234 9.94210624694824 6.49787330627441 2.44562101364136 1.28898680210114 1.72558188438416 1.40296804904938 1.21687185764313 1.77473032474518 3.79563355445862 5.78519773483276 4.9531192779541 4.14327096939087 6.16159248352051 8.34423065185547 14.0766525268555 13.9448499679565 12.279091835022 15.4626445770264 21.3425540924072 22.0994415283203 20.5715465545654 18.0770835876465 12.3903617858887 12.0258855819702 19.3261013031006 23.8412952423096 23.4954090118408 21.0910720825195 22.225923538208 22.0633201599121 21.8287200927734 19.3261013031006
13.0156183242798 18.7436485290527 20.0540313720703 17.8675670623779 11.4931755065918 4.3180103302002 5.53630065917969 5.91754770278931 6.79034471511841 8.66693592071533 11.9313430786133 13.7641639709473 9.12338829040527 7.99873638153076 7.11433362960815 6.75188875198364 5.85722208023071 4.37012147903442 2.71982455253601 1.35523784160614 1.95515060424805 4.17383146286011 5.40793514251709 2.98903369903564 2.57252717018127 3.69937443733215 7.29846715927124 12.1522912979126 12.2156419754028 7.03600788116455 14.3412351608276 18.444881439209 20.1787567138672 20.2322483062744 14.40758228302 8.75186634063721 10.2703504562378 12.629789352417 16.073579788208 20.8937835693359 19.0609531402588 15.4457550048828 12.7419776916504 18.0246601104736 20.0006160736084 19.5564136505127
18.9374408721924 15.9713726043701 17.1900787353516 11.0140733718872 10.6628561019897 5.79717397689819 9.26776218414307 4.86446094512939 4.46473407745361 4.93088150024414 6.49787330627441 7.60507345199585 10.8303689956665 8.82287502288818 9.20991516113281 8.89409351348877 8.12247085571289 5.22373247146606 1.74180114269257 2.44562101364136 4.02222347259521 5.47777986526489 1.50228130817413 1.012619972229 1.00800585746765 4.06235933303833 11.8370275497437 14.1426763534546 11.3689212799072 12.629789352417 16.073579788208 16.295539855957 17.9373512268066 14.7404918670654 16.4153423309326 12.8062143325806 13.258430480957 15.0249719619751 14.8909292221069 12.4222078323364 14.5737934112549 15.8183469772339 15.1761255264282 17.8850078582764 19.3261013031006 19.893856048584
13.6331558227539 11.8370275497437 7.21931838989258 5.67791700363159 12.8866395950317 10.6021537780762 15.1256999969482 11.4309959411621 7.83490037918091 9.34025287628174 8.9512186050415 9.86801338195801 7.3912467956543 9.39838886260986 9.82364845275879 9.91244697570801 9.61753082275391 6.75188875198364 6.57364416122437 6.77751588821411 5.78519773483276 6.01464176177979 2.71982455253601 1.3867439031601 2.59540390968323 10.2853565216064 11.6490840911865 10.1804723739624 9.38384342193604 14.0107097625732 15.2771015167236 16.295539855957 14.5737934112549 12.3426380157471 13.8297939300537 11.8684406280518 9.09461116790771 7.95765399932861 12.3108530044556 12.8222875595093 16.1759357452393 18.3747138977051 18.7964649200439 17.6585388183594 16.9827270507812 19.7694225311279
11.322434425354 15.9883966445923 9.03715515136719 7.2324857711792 13.2422046661377 18.4799823760986 20.2144145965576 18.7260494232178 16.8103466033936 16.6555328369141 14.4407844543457 11.9313430786133 8.54011535644531 5.90546035766602 6.31009578704834 7.94397830963135 8.69521236419678 8.7235221862793 8.86558151245117 6.88043069839478 7.64543533325195 10.8456392288208 9.73512744903564 7.41784191131592 8.4139928817749 12.1206521987915 10.7998485565186 9.05150699615479 8.73768997192383 14.5737934112549 16.9482192993164 15.1425037384033 12.263219833374 8.2469310760498 4.7875280380249 7.78058195114136 9.60286617279053 10.2703504562378 9.80887603759766 9.89762783050537 14.2253217697144 17.8675670623779 18.8140754699707 17.7281589508057 17.919900894165 18.7964649200439
7.57821273803711 15.2097663879395 12.7259330749512 14.2253217697144 15.3276500701904 19.8582897186279 22.6421356201172 23.0048007965088 20.8579425811768 18.3045997619629 17.571590423584 15.3445081710815 14.3412351608276 10.1804723739624 5.39633464813232 5.55978965759277 7.63197183609009 9.29673480987549 9.7204008102417 7.56479597091675 7.51122522354126 12.5498313903809 9.64688301086426 4.66785860061646 8.20536422729492 11.5554609298706 14.0271873474121 12.2156419754028 12.168119430542 15.7674160003662 18.0246601104736 15.5809984207153 12.1364688873291 5.71357583999634 2.53471875190735 6.07568120956421 10.2403621673584 9.47123908996582 11.3379240036011 9.224365234375 10.9987268447876 14.4740076065063 18.5853652954102 17.5194644927979 16.3126411437988 15.4795389175415
6.2232813835144 9.32573890686035 13.6004571914673 17.3459415435791 19.3261013031006 20.7683792114258 23.168212890625 24.443187713623 20.0184173583984 18.7436485290527 16.8964881896973 13.8133783340454 13.9119510650635 14.8073053359985 13.8462152481079 6.2480320930481 3.15154457092285 7.78058195114136 10.2104024887085 10.3304176330566 10.3906002044678 14.874195098877 12.8222875595093 8.85133743286133 9.09461116790771 11.4776210784912 15.0585298538208 9.41294288635254 10.9374084472656 13.5351247787476 17.311279296875 14.7237997055054 8.12247085571289 3.59509515762329 1.65207171440125 4.06235933303833 6.95803928375244 11.322434425354 12.629789352417 11.7586059570312 8.63869380950928 12.168119430542 18.7436485290527 17.8326950073242 14.9746704101562 14.5737934112549
