"","V1","V2","V3","V4","V5","V6","V7","V8","V9","V10","V11","V12","V13","V14","V15","V16","V17","V18","V19","V20"
"1",0,26.9440443347154,4.90290023756229,34.7031041802912,29.9491194356053,4.90290023756229,34.7031041802912,18.6291895919137,33.5539843922849,24.6084279361924,36.698018541587,38.0288844382671,21.9751218802632,4.31015849794281,39.1788452978079,36.9752109664945,32.52693565259,30.9203757286733,21.9751218802632,32.2414273347209
"2",26.9440443347154,0,24.8370820374313,17.1101589297656,3.00507510088992,24.8370820374313,17.1101589297656,19.2316901712122,16.1545282386425,13.2188921645589,18.0154437167562,20.4359391877415,19.1367742053924,26.9885561616432,21.6901920283067,19.2245719638518,15.0382823830888,5.33946541101093,19.1367742053924,5.29738300000558
"3",4.90290023756229,24.8370820374313,0,32.5961418830072,27.8421571383212,0,32.5961418830072,14.1837068355414,31.4470220950009,23.2252146504543,34.591056244303,35.9219221409831,21.5995066003596,2.1514741242119,37.0718830005238,34.8682486692105,30.419973355306,28.8134134313892,21.5995066003596,30.1344650374369
"4",34.7031041802912,17.1101589297656,32.5961418830072,0,16.568634890356,32.5961418830072,0,31.2331949373525,3.29769108179506,14.5513502756521,3.09374814051009,3.32578025797587,23.2924565507277,34.7476160072191,5.78067900222115,2.27210678620328,2.17616852770123,21.571114597396,23.2924565507277,17.9961116554357
"5",29.9491194356053,3.00507510088992,27.8421571383212,16.568634890356,0,27.8421571383212,16.568634890356,22.2367652721021,15.6130041992328,14.5835580811086,17.2186561995786,19.8944151483318,21.9077154476526,29.9936312625331,21.148667988897,18.5746469757517,14.4967583436791,5.43429306091615,21.9077154476526,2.29230789911566
"6",4.90290023756229,24.8370820374313,0,32.5961418830072,27.8421571383212,0,32.5961418830072,14.1837068355414,31.4470220950009,23.2252146504543,34.591056244303,35.9219221409831,21.5995066003596,2.1514741242119,37.0718830005238,34.8682486692105,30.419973355306,28.8134134313892,21.5995066003596,30.1344650374369
"7",34.7031041802912,17.1101589297656,32.5961418830072,0,16.568634890356,32.5961418830072,0,31.2331949373525,3.29769108179506,14.5513502756521,3.09374814051009,3.32578025797587,23.2924565507277,34.7476160072191,5.78067900222115,2.27210678620328,2.17616852770123,21.571114597396,23.2924565507277,17.9961116554357
"8",18.6291895919137,19.2316901712122,14.1837068355414,31.2331949373525,22.2367652721021,14.1837068355414,31.2331949373525,0,30.0840751493462,22.9331985039208,32.9240303468062,34.5589751953284,24.5326165059593,15.5086791877806,35.7089360548691,33.5053017235558,29.0570264096513,19.8705063304901,24.5326165059593,23.537304875415
"9",33.5539843922849,16.1545282386425,31.4470220950009,3.29769108179506,15.6130041992328,31.4470220950009,3.29769108179506,30.0840751493462,0,12.5612919965828,6.39143922230514,4.86695727843435,20.6605346473221,33.5984962192128,5.80449862666547,5.56979786799834,2.24227455825009,20.6154839062728,20.6605346473221,17.8091974497654
"10",24.6084279361924,13.218892164559,23.2252146504543,14.5513502756521,14.5835580811086,23.2252146504543,14.5513502756521,22.9331985039208,12.5612919965828,0,17.0693660637221,17.4282492750171,9.00444452244246,25.3267860271959,16.4930245117514,16.8234570618553,12.3751817479508,18.5583575755699,9.00444452244246,16.8758659802242
"11",36.698018541587,18.0154437167562,34.591056244303,3.09374814051009,17.2186561995786,34.591056244303,3.09374814051009,32.9240303468062,6.39143922230514,17.0693660637221,0,4.56290381972983,25.9470807992365,36.7425303685149,7.01780256397511,2.19856163581295,5.03643961427201,22.4032171116049,25.9470807992365,18.5086249827804
"12",38.0288844382671,20.4359391877415,35.9219221409831,3.32578025797587,19.8944151483318,35.9219221409831,3.32578025797587,34.5589751953284,4.86695727843435,17.4282492750171,4.56290381972983,0,25.0114304128521,38.073396265195,2.45489874424528,2.36434218391688,5.5019487856771,24.8968948553718,25.0114304128521,21.3218919134115
"13",21.9751218802632,19.1367742053924,21.5995066003596,23.2924565507277,21.9077154476526,21.5995066003596,23.2924565507277,24.5326165059593,20.6605346473221,9.00444452244246,25.9470807992365,25.0114304128521,0,23.6840106778552,23.8130231340397,25.564563336931,21.1162880230265,24.3086955565681,0,24.2000233467683
"14",4.31015849794281,26.9885561616432,2.1514741242119,34.7476160072191,29.9936312625331,2.1514741242119,34.7476160072191,15.5086791877806,33.5984962192128,25.3267860271959,36.7425303685149,38.073396265195,23.6840106778552,0,39.2233571247357,37.0197227934224,32.5714474795179,30.9648875556011,23.6840106778552,32.2859391616488
"15",39.1788452978079,21.6901920283067,37.0718830005238,5.78067900222115,21.148667988897,37.0718830005238,5.78067900222115,35.7089360548691,5.80449862666547,16.4930245117514,7.01780256397511,2.45489874424528,23.8130231340397,39.2233571247357,0,4.81924092816216,6.65190964521787,26.151147695937,23.8130231340397,22.5761447539767
"16",36.9752109664945,19.2245719638518,34.8682486692105,2.27210678620328,18.5746469757517,34.8682486692105,2.27210678620328,33.5053017235558,5.56979786799834,16.8234570618553,2.19856163581295,2.36434218391688,25.564563336931,37.0197227934224,4.81924092816216,0,4.44827531390451,23.6855276314821,25.564563336931,19.8646157589534
"17",32.52693565259,15.0382823830888,30.419973355306,2.17616852770123,14.4967583436791,30.419973355306,2.17616852770123,29.0570264096513,2.24227455825009,12.3751817479508,5.03643961427201,5.5019487856771,21.1162880230265,32.5714474795179,6.65190964521787,4.44827531390451,0,19.4992380507191,21.1162880230265,15.9242351087589
"18",30.9203757286732,5.33946541101093,28.8134134313892,21.571114597396,5.43429306091615,28.8134134313892,21.571114597396,19.8705063304901,20.6154839062728,18.5583575755699,22.4032171116049,24.8968948553718,24.3086955565681,30.9648875556011,26.151147695937,23.6855276314821,19.4992380507191,0,24.3086955565681,4.70513496027581
"19",21.9751218802632,19.1367742053924,21.5995066003596,23.2924565507277,21.9077154476526,21.5995066003596,23.2924565507277,24.5326165059593,20.6605346473221,9.00444452244246,25.9470807992365,25.0114304128521,0,23.6840106778552,23.8130231340397,25.564563336931,21.1162880230265,24.3086955565681,0,24.2000233467683
"20",32.2414273347209,5.29738300000558,30.1344650374369,17.9961116554357,2.29230789911566,30.1344650374369,17.9961116554357,23.537304875415,17.8091974497654,16.8758659802242,18.5086249827804,21.3218919134116,24.2000233467683,32.2859391616488,22.5761447539767,19.8646157589534,15.9242351087589,4.70513496027581,24.2000233467683,0
