"","V1","V2","V3","V4","V5","V6","V7","V8","V9","V10","V11","V12","V13","V14","V15","V16","V17","V18","V19","V20"
"1",0,2.07771963703107,0.402994234144532,5.28008915046481,2.16741084423306,0.402994234144532,5.28008915046481,1.23538808659213,5.17337292930924,5.03691523137115,5.47289530597382,5.06818286281579,3.65820532483695,0.35074528029241,4.95160414967838,5.47289530597382,5.37240581547298,1.93920765643868,3.65820532483695,2.16741084423306
"2",2.07771963703107,0,1.67472540288654,4.13946651549358,0.286263103563993,1.67472540288654,4.13946651549358,1.1384434738867,3.88920437586575,4.14744149521222,4.33918629440018,4.1783979860117,4.78224130033352,1.83029111597946,4.21887579768828,4.33918629440018,4.03714721497831,0.308289104264965,4.78224130033352,0.286263103563993
"3",0.402994234144532,1.67472540288654,0,5.61387078236114,1.76441661008853,0,5.61387078236114,0.832393852447602,5.53694917819653,5.18922616732069,5.76585233900439,5.43175911170308,3.89206051707274,0.209214763159527,5.31518039856566,5.76585233900439,5.52925539574237,1.53621342229415,3.89206051707274,1.76441661008853
"4",5.28008915046481,4.13946651549358,5.61387078236114,0,3.87385507013259,5.61387078236114,0,5.0775888533613,0.288694822460923,1.71751507235589,0.4077380318909,0.223074814568424,2.40917102729639,5.63083443075722,0.339653527705844,0.4077380318909,0.262412632988758,4.10205825792697,2.40917102729639,3.87385507013259
"5",2.16741084423306,0.286263103563993,1.76441661008853,3.87385507013259,0,1.76441661008853,3.87385507013259,1.22813468108869,3.96794910115579,4.39817051457901,4.07357484903919,4.09692988470102,4.87193250753551,1.91998232318145,4.21350859783844,4.07357484903919,3.78923968351383,0.22820318779438,4.87193250753551,0
"6",0.402994234144532,1.67472540288654,0,5.61387078236114,1.76441661008853,0,5.61387078236114,0.832393852447602,5.53694917819653,5.18922616732069,5.76585233900439,5.43175911170308,3.89206051707274,0.209214763159527,5.31518039856566,5.76585233900439,5.52925539574237,1.53621342229415,3.89206051707274,1.76441661008853
"7",5.28008915046481,4.13946651549358,5.61387078236114,0,3.87385507013259,5.61387078236114,0,5.0775888533613,0.288694822460923,1.71751507235589,0.4077380318909,0.223074814568424,2.40917102729639,5.63083443075722,0.339653527705844,0.4077380318909,0.262412632988758,4.10205825792697,2.40917102729639,3.87385507013259
"8",1.23538808659213,1.1384434738867,0.832393852447602,5.0775888533613,1.22813468108869,0.832393852447602,5.0775888533613,0,5.02764784975245,4.72772539554176,5.22957041000455,5.30066366792972,4.02912719943459,0.95262062183724,5.35731927157499,5.22957041000455,4.99297346674253,0.999931493294307,4.02912719943459,1.22813468108869
"9",5.17337292930924,3.88920437586575,5.53694917819653,0.288694822460923,3.96794910115579,5.53694917819653,0.288694822460923,5.02764784975245,0,1.45351828179813,0.653605104023934,0.289193610145946,2.21073273680355,5.52411820960165,0.329671421822533,0.653605104023934,0.220094997660909,4.10470437535424,2.21073273680355,3.96794910115579
"10",5.03691523137115,4.14744149521222,5.18922616732069,1.71751507235589,4.39817051457901,5.18922616732069,1.71751507235589,4.72772539554176,1.45351828179813,0,1.97886445576991,1.57415201261189,1.3787099065342,5.3702761726826,1.50325078107754,1.97886445576991,1.64357284733195,4.25629532077108,1.3787099065342,4.39817051457901
"11",5.47289530597382,4.33918629440018,5.76585233900438,0.4077380318909,4.07357484903919,5.76585233900438,0.4077380318909,5.22957041000454,0.653605104023934,1.97886445576991,0,0.404712443158023,2.67052041071041,5.82364058626623,0.521291156295443,0,0.670150664879658,4.30177803683357,2.67052041071041,4.07357484903919
"12",5.06818286281579,4.1783979860117,5.43175911170308,0.223074814568424,4.09692988470102,5.43175911170308,0.223074814568424,5.30066366792972,0.289193610145946,1.57415201261189,0.404712443158023,0,2.26580796755239,5.4189281431082,0.11657871313742,0.404712443158023,0.402617312864118,4.3251330724954,2.26580796755239,4.09692988470102
"13",3.65820532483695,4.78224130033352,3.89206051707274,2.40917102729639,4.87193250753551,3.89206051707274,2.40917102729639,4.02912719943459,2.21073273680355,1.3787099065342,2.67052041071041,2.26580796755238,0,4.00895060512936,2.19490673601804,2.67052041071041,2.43082773446445,4.64372931974113,0,4.87193250753551
"14",0.35074528029241,1.83029111597946,0.209214763159527,5.63083443075722,1.91998232318145,0.209214763159527,5.63083443075722,0.95262062183724,5.52411820960165,5.3702761726826,5.82364058626623,5.4189281431082,4.00895060512936,0,5.30234942997078,5.82364058626623,5.6848211088353,1.69177913538707,4.00895060512936,1.91998232318145
"15",4.95160414967837,4.21887579768828,5.31518039856566,0.339653527705844,4.21350859783844,5.31518039856566,0.339653527705844,5.35731927157498,0.329671421822533,1.50325078107754,0.521291156295443,0.11657871313742,2.19490673601804,5.30234942997078,0,0.521291156295443,0.454814667756547,4.43437579717677,2.19490673601804,4.21350859783844
"16",5.47289530597382,4.33918629440018,5.76585233900438,0.4077380318909,4.07357484903919,5.76585233900438,0.4077380318909,5.22957041000454,0.653605104023934,1.97886445576991,0,0.404712443158023,2.67052041071041,5.82364058626623,0.521291156295443,0,0.670150664879658,4.30177803683357,2.67052041071041,4.07357484903919
"17",5.37240581547298,4.03714721497831,5.52925539574237,0.262412632988758,3.78923968351383,5.52925539574237,0.262412632988758,4.99297346674253,0.220094997660909,1.64357284733195,0.670150664879658,0.402617312864118,2.43082773446445,5.6848211088353,0.454814667756547,0.670150664879658,0,4.01744287130821,2.43082773446445,3.78923968351383
"18",1.93920765643868,0.308289104264965,1.53621342229415,4.10205825792697,0.22820318779438,1.53621342229415,4.10205825792697,0.999931493294307,4.10470437535424,4.25629532077108,4.30177803683357,4.3251330724954,4.64372931974113,1.69177913538707,4.43437579717677,4.30177803683357,4.01744287130821,0,4.64372931974113,0.22820318779438
"19",3.65820532483695,4.78224130033352,3.89206051707274,2.40917102729639,4.87193250753551,3.89206051707274,2.40917102729639,4.02912719943459,2.21073273680355,1.3787099065342,2.67052041071041,2.26580796755238,0,4.00895060512936,2.19490673601804,2.67052041071041,2.43082773446445,4.64372931974113,0,4.87193250753551
"20",2.16741084423306,0.286263103563993,1.76441661008853,3.87385507013259,0,1.76441661008853,3.87385507013259,1.22813468108869,3.96794910115579,4.39817051457901,4.07357484903919,4.09692988470102,4.87193250753551,1.91998232318145,4.21350859783844,4.07357484903919,3.78923968351383,0.22820318779438,4.87193250753551,0
