b_ap_r.asc
NCOLS 390 
NROWS 330 
XLLCORNER -114.008318537 
YLLCORNER 32.991665327 
CELLSIZE 0.0333547025948718 
NODATA_value -9999 
[rows 297 to 329 of 330, columns 150 to 224 of 390]
69.5 69.25 69.6875 69.6875 71.875 73 75.0625 73.9375 69.0625 64 66.875 68.75 69.125 69.9375 69.25 67.0625 67.9375 69.125 69.875 73.5 71.9375 68.625 72 74.375 76.5625 78 79.4375 79.9375 80.1875 78.4375 79.0625 78.75 78.75 80.25 80.5 80.5 81.6875 83 83.0625 84 84 84 84 84 83.375 82.5625 80.5625 80.75 81.0625 81.9375 82.4375 82.5 80.3125 79.25 70.25 76.9375 83.6875 85.125 85.875 86.5625 85.8125 86.3125 91.1875 91.8125 91.125 89.9375 88.375 87.25 84.6875 83.5625 83.8125 82.5625 82.3125 81.125 84.875
65.625 66.75 67.375 68.375 69.4375 68.125 71.3125 71.625 67.9375 65.625 66.3125 66.5 66.6875 67.625 67.75 66.3125 66.125 65 64.9375 69.4375 66.6875 61.3125 68.1875 73.75 76.875 77 79.0625 79.9375 80.25 80.0625 80.8125 80.9375 81.375 81.5625 81.5625 81.5625 82.4375 83 83 83.75 83.6875 83.0625 82.9375 82.6875 82.75 82.6875 81.8125 80.9375 81.125 81.8125 81.75 80.25 78.4375 74.9375 64.875 69.875 79.75 83.25 84.8125 85.6875 84.375 86.5625 90.6875 91.625 91.1875 90 88.6875 87.125 85.6875 85.125 85.4375 84.8125 84 83.3125 85.4375
64 63.125 63.875 66.875 65.8125 65.6875 68.4375 71.9375 72.875 72.9375 71.9375 71.4375 72.125 71.875 71.5625 69.6875 68.625 66.4375 66.25 69.8125 68.9375 65.625 68.25 73.125 74.4375 75.4375 74.9375 76.875 80 80.9375 81.375 81.9375 82 82 82.125 82 82.5625 83 83 83 82.375 81.25 80.875 81.0625 81.5625 81.75 81.4375 81.1875 81.4375 81.8125 80.8125 79 76.375 70.875 59.5 70.9375 74.3125 77.4375 82.9375 85.625 87 88.25 89.9375 90.9375 91 89.875 88.75 87.25 86.125 85.3125 85.4375 86 85.4375 84.9375 86.5625
57.875 62.5625 67 72.0625 72 69.8125 71.25 73.25 73.9375 73.9375 73.4375 73.75 70.8125 73.9375 74.5 74.6875 73.875 72.375 71.0625 71.1875 73.25 72.25 72.4375 74.25 76.625 74.3125 68.75 73.5 79.9375 81 81.0625 81.875 82 82 81.875 81.375 83 83 83 82.4375 81.1875 80 77.875 79.125 79.8125 80 80.25 81.3125 82.6875 82.6875 81.3125 78.9375 76.3125 72.875 56.1875 60.375 70 75.125 80.75 85.1875 86.5 88.5625 89.8125 90.875 90.9375 90.1875 89.125 87.4375 86.0625 86.1875 86.6875 86.8125 86.6875 86.5 87.125
59.875 65.6875 70.9375 72.875 73.1875 72.8125 72.4375 72.4375 72.6875 73.9375 74.0625 71 69.5 73.5 75.75 75.875 75.5625 75.25 73.6875 73.9375 76.125 77.25 76.625 77.375 78.8125 78.625 77.8125 79.8125 81 81 81 81.6875 82 82 81.6875 81.8125 82.75 83 82.5625 81.375 80.0625 78.125 74.875 75.75 76.3125 76.625 77.625 79.6875 81.9375 83.3125 81.375 79.9375 79.625 76.375 67.9375 64 69 75.5625 81.25 85.3125 86.4375 88.125 89.6875 90.4375 91 90.625 89.3125 88.125 87 87.25 87.375 87.5625 87.9375 87.375 87.1875
59.0625 65 71.0625 72.1875 73.5 73.25 69.4375 70.1875 71.0625 72.8125 75.125 73.375 68.9375 74.75 74 76.1875 76.125 75.125 75.1875 77.5625 77.875 77.6875 76.25 78.6875 79.5625 80 80 80 80.5 81 81 81.1875 81.5 81.25 80.875 80.3125 82 82.25 81.875 80.3125 77.3125 76.75 73.25 72.125 70.0625 68.75 69.0625 78.375 81.6875 83.3125 83.75 82.9375 82.0625 78.625 69 73.4375 74.375 79.125 83.3125 86.1875 85.9375 87.875 89.4375 90.5 91 90.625 89.875 88.625 88.125 88 88 88 88 88 87.8125
63.0625 68.625 72.5625 73.3125 73.1875 69.9375 67.375 69.625 70.5 71.75 73 75.8125 76 76.875 76.125 74.0625 72.75 73.625 74.875 76.375 77.6875 78 77.75 79 79.75 79.9375 80 80 80 80.6875 81 80.9375 79 78.6875 79.25 80.1875 81.4375 81.375 81.125 78.25 72.75 71.875 69.8125 68.5 65.6875 59.8125 69.875 76.4375 80.3125 83.1875 84.8125 84.5625 84.1875 82.4375 75.5625 76.75 81.5625 83.625 85.375 86.6875 86.1875 87.375 89.3125 90.5 91 90.5 89.25 89 88.0625 87.9375 88.0625 88.25 88.125 88 88
66.625 70.0625 72.1875 74.0625 73.375 69.75 67.6875 68.8125 71.5625 74.5 75.375 76.5625 76.6875 74.9375 72.625 68.5 66.125 67.5625 70.625 70.1875 74.875 78.1875 78.8125 79 79 79.0625 79.6875 80 80 80 80.25 79.625 77.4375 74.5 74.6875 78.1875 78.875 80.375 80.375 78.5625 74.25 72.1875 70.75 70.5 68.8125 63 65 73.5 77.9375 83.1875 85.3125 86.1875 86.0625 85.375 81.3125 81.75 84.9375 86 86.6875 87.3125 85.3125 85.8125 88.875 90.75 91 90.375 89.5 88.5 87.25 87.375 88.5 89 88.8125 88.0625 88
68.9375 71.8125 72.5625 71.375 71.5 70 72.5 73.5 73.5625 75.625 76 75.875 75.0625 73.1875 69.6875 65.3125 65.875 65.5625 70 72.8125 76.5625 77.9375 78 78.5 78.9375 79 79 79 79.1875 78.9375 77.0625 76.375 71.8125 66.8125 67.75 73.9375 77.5 79.25 79.3125 78.8125 77.25 75.75 73.375 73.125 70.25 65.125 59.375 71.75 79.875 83.3125 85.25 86.5 87.5 87.25 85.375 83.875 86.9375 87.25 88 88.5625 87.1875 87.9375 89.5625 90.75 91 90.25 89.75 88.8125 87.625 87.5625 88.5 89 89 88.5625 88
68.6875 70.0625 68.75 65.375 65.25 69.25 73.1875 75.0625 75 75.5 74.6875 73.75 73.3125 71.5625 69.6875 67.5 67.1875 70.9375 73 75.375 76.8125 77 77.25 77.75 76.1875 77.3125 77.125 77.125 74.5625 77.0625 75.5625 75.8125 73.1875 70.75 66.875 73.3125 75.75 78.1875 78.125 79 78.75 77.75 76.0625 74.125 71.1875 67.75 64.0625 76.125 80.75 83.25 85.125 86.375 87.625 88.4375 88.25 86.1875 88.25 88.5625 88.75 89 89.25 89.75 90 90.9375 90.8125 90 89.8125 89 88.8125 88.6875 89 89 89 88.875 88.0625
67.875 63.9375 63.9375 66.0625 69.5 72.25 74.0625 74.9375 74.875 74.5 73.625 72.5 71.1875 69.6875 66.3125 61.0625 61.3125 63.6875 69.625 72.1875 75.8125 76.25 76.375 73.3125 70.4375 72.4375 72.75 73.3125 74.3125 73.8125 74 73.5625 74.0625 72.1875 70.0625 73.5 75.4375 76.375 76.375 79.0625 79.625 78.8125 76.9375 75.75 73.6875 71.3125 74 79.1875 80.4375 82.3125 85.125 86.375 87.75 88.6875 89.3125 89.0625 89.375 89.625 89.6875 89.8125 90 90.4375 90.8125 90.9375 89.75 89.1875 89.125 89 89 89 89 89 89 89 88.3125
61.75 60.25 66.375 68 71.9375 72.6875 73.4375 74.1875 74.25 73.75 70.8125 69.4375 66.4375 66.375 64.3125 62 63.75 65.375 67.375 69.75 74 75.5625 75.3125 72.5 70.1875 69 67.6875 69.5625 72.25 72.625 72.875 73.375 72.6875 72.0625 71.25 73.6875 72.9375 73.125 74.875 79.3125 80.5 79.0625 77.9375 76.8125 76 74.375 72.6875 75 78.0625 81.9375 84.6875 86 87.3125 88.5 89.3125 90 90 90.125 90.4375 90.75 90.8125 90.9375 91 90.3125 88.8125 89 89 89 89 89 89 89 89 89 88.6875
60.3125 59.3125 67.0625 70.625 71.5 70.9375 72 73.5625 73.1875 72.1875 67.6875 64.375 57.3125 59.375 64.375 65.3125 67.1875 69.1875 69.75 71.625 73.125 73 72.875 68.5625 69.0625 67.9375 64.4375 64.25 68.9375 71.75 72.375 73.9375 73.4375 72.8125 72.9375 73 72.75 72.9375 77 80.125 80.625 79.625 78.6875 77.375 74.0625 69.75 63.8125 66.5 76 79.625 80.9375 84.875 87.375 88.8125 89.625 90 90.3125 90.6875 91 91.3125 91.1875 91 90.375 89.5625 89 89 89 89 89 89 89 89 89 89 89
65.5625 65.9375 68.8125 70.75 70.375 69.375 72.75 71.3125 69 69.625 70.5 68.5625 65 63.5625 67.5625 68.5625 68.8125 69.1875 70.375 69.3125 69.3125 69.5 68.5625 66.9375 68.0625 68.8125 67.4375 67 69.6875 71.5625 72.8125 73.1875 73.0625 73 73.375 72.3125 73.3125 74.5625 75.8125 79.6875 81.375 80.25 79.375 77.4375 74.1875 71.5625 63 59.125 68.875 74.6875 79.875 85.5 87.6875 89.0625 90 90.0625 90.625 91 91.0625 91.6875 91.3125 90.125 90 90 89.5625 89.125 89 89 89 89 89 89 89 89 88.9375
65.875 68.125 69 69.9375 69.4375 70.125 71.3125 69.875 68 66.9375 70.1875 70.5 69.5625 68.0625 65.5 66.3125 68.0625 68.5625 68.8125 65.625 61.8125 64.0625 67.625 69.8125 70.3125 70.375 70.375 70.375 71.3125 72.5 71.9375 72.25 72.75 73.375 72.9375 71.625 71.0625 71.75 76.4375 79.625 81.5 81.25 80.0625 77.875 75.6875 74.625 69.5 59.4375 71.5 75.9375 77.75 86.25 88.125 89.125 90 90.25 91 91.25 91.875 92 91.125 90.3125 90 90 89.9375 90 89.25 89 89 89 89 89 89 89 88.875
67.6875 68 67.6875 69.6875 69.4375 71.125 70.875 68.1875 66.75 67.5625 68.5 68.5625 67.375 65.9375 63.1875 62.625 62.375 61.0625 67.0625 67.125 63.6875 64.9375 68.125 69.5625 71.0625 71.25 71.875 72.125 71.6875 70.9375 69.9375 70.6875 72.5 73.4375 72.4375 70.625 67.8125 71.125 76.375 78.8125 80.9375 82.375 81.4375 80.1875 78.625 76.75 66.3125 64.75 73.5 79.3125 82.75 85.375 88.125 88.8125 89.75 90.1875 91 91.8125 92 91.5 91 90.125 89.9375 89.625 89.125 89.0625 89 89 89 89 89 89 89 89 88.5
67.6875 67.4375 68.4375 69.75 70.3125 68.4375 68.375 65.5 65.0625 65 66.6875 66.375 64.875 64.3125 62.875 62.3125 62.375 60.125 63.1875 66.875 68.25 69.375 70.1875 71 71.875 72.625 72.875 71.4375 71.125 70.5 70.4375 70.75 73.25 72.5625 71.375 69.9375 71 74.1875 76.4375 78.3125 80.1875 81.3125 80.3125 82.6875 80.75 79.625 69.25 65.8125 74.75 79.75 83.375 85.6875 87 88.8125 89.625 90.4375 91.0625 91.9375 92 91.9375 90.5625 90 89.75 89 89 89 89 89 89 89 89 89 89 88.9375 88
66.9375 68.8125 69.8125 70.875 69.0625 67.8125 67.9375 64.875 61.9375 61.5 61.1875 60.3125 61.8125 63.3125 63 63.25 63.9375 63.75 63.5625 62.4375 62.3125 66.0625 68.6875 71 72.0625 72.875 72.5 71.625 71.1875 70.625 71.6875 71.8125 73.0625 72.3125 70.625 69.125 70.25 74.125 76.3125 77.875 79.1875 77.8125 79.125 82.1875 83.8125 81.375 78.75 76.875 76.25 80.9375 83.4375 86.125 87.625 89.125 90.125 91 91.5625 92 91.8125 91.0625 90.0625 90 89.9375 89.25 89 89 89 89 89 89 89 89 89 88.5625 87.125
67.6875 69.5 70.5625 70.4375 69.625 68.5625 66.875 64.375 63.0625 60.75 55.25 53.1875 58.625 61.375 62.9375 64 64.375 63.9375 64 64.0625 62.5 63.5625 63.6875 68.25 69.5 70.5625 72.5625 71.6875 71 71.6875 71.375 70.3125 71.4375 71.5 70.75 70.375 72.8125 74.4375 76 77.0625 76.375 73.1875 78 81.3125 83.6875 83.1875 81.9375 80.125 80.375 81.9375 84.25 86.5625 88.25 89.375 90.625 91.6875 91.9375 90.25 91.125 91 90.0625 90 90 89.8125 89.1875 89 89 89 89 89 89 89 88.75 87.875 83.5625
68.3125 70.125 71.375 70.75 69.9375 68.5625 66.9375 65.875 61.3125 54.4375 50.9375 54.8125 57.75 60.0625 63.5625 64.9375 63.0625 63.5625 65.8125 63.9375 60.8125 62.875 65.5 67 68.6875 70.1875 72.125 71.375 71.5625 71.3125 70.4375 69.0625 69.1875 69.75 69.8125 70.3125 71.5625 73.75 76.4375 77.1875 75.9375 71.9375 73.3125 79.25 82.75 85.125 83.5625 84.125 84.125 84.6875 86.0625 87.0625 88.5 89.875 91.0625 91.9375 90.6875 87.1875 90.875 91 90.4375 90 90 89.875 89.25 89 89 89 89 88.625 88.25 88.25 87.625 87.125 83.25
68.5625 70.375 71.875 71.5625 70 68.1875 65.9375 64.8125 62.25 57 52.5 56.5625 58.6875 60.375 62.5 64.875 62.5625 63.4375 65.3125 65.3125 63.5625 64.3125 64.375 62.125 65.5625 68.125 71.5 72.5625 70.6875 70.1875 70.6875 69.1875 68.625 68.75 66.625 68.5 70.625 73.8125 76.625 78.1875 77.375 74.1875 76.1875 80.375 82.75 85 86.0625 85.625 85.9375 86.75 87.875 89.1875 90.1875 90.8125 91.6875 91.9375 88.25 84.625 90.375 90.875 90.1875 90.0625 89.5625 89 89 88.9375 88.5 88.125 88 87.625 87.1875 87 86.625 86.25 85.125
67.6875 69.125 71.3125 72.0625 70.5 66.875 63.125 59.875 55.625 56.875 55.8125 55.1875 57.5 58.9375 60.9375 63.6875 65.25 66.0625 66.1875 64.75 65.3125 65.5 62.75 58.625 63.4375 66.375 70.875 71.6875 71.125 69.6875 69.5625 68.25 68.3125 67.9375 66.625 65.6875 68.6875 72.125 75.25 78.375 79.1875 77.6875 77.375 81.1875 81.0625 83.1875 86.25 87.3125 87.125 87.75 88.375 89.5625 90.1875 91 91.875 91.6875 89.125 83.0625 89.8125 91 91 90.25 89.5625 89 88.8125 88.0625 87.5625 86.75 86.3125 86.125 85.8125 85 85.125 85 84.9375
66.1875 66 68 71.625 71.0625 65.0625 62.875 60.8125 57.625 52.5 45.6875 49.4375 53.25 55.9375 58 58.625 63.8125 65.1875 67.6875 66.875 65.8125 65.4375 64.3125 63.3125 65.1875 68.6875 72.25 73.3125 73.125 70.9375 68.5625 68.0625 68.875 67.8125 65 65.5625 69.75 72.5625 75.6875 78.125 80.0625 78.375 76.3125 81.5 81.875 83.75 85.625 87.0625 88.5 88.4375 89 89.75 90.25 91.1875 92 91.625 89.875 86.5 89.625 90.625 90.5625 90 89.5 88.9375 88 87.0625 86.1875 85.125 84.625 83.5 84.125 83.5 83.1875 82.4375 77.875
65.1875 64.5 66 72.25 71.375 65.5 54.25 55.5625 53.5 51.625 47.8125 46 51.1875 55.8125 59.8125 61 60.3125 63.75 66.3125 67.625 67.875 67.3125 67.5 66.8125 68.625 70.875 73.25 72.5625 71.75 71.4375 70.0625 68 66.8125 65.8125 65.25 64.625 69.875 73.1875 74.4375 76.5625 79.875 79.875 76.125 79.75 82.8125 84.3125 85.5625 86.9375 87.9375 89.25 89.6875 90.4375 91.1875 91.625 92 91.875 89.8125 86.3125 89.0625 90 90.1875 89.875 88.9375 88.0625 87.1875 86.0625 84.3125 82.375 82.25 79.5625 81.375 79.8125 77.8125 74.3125 71.6875
65.1875 63.5 65.1875 72.1875 71.75 66.1875 57.0625 58.5625 59.9375 48.1875 48.875 52.4375 46.5 53.375 57.625 61.625 63.25 64.25 66.5625 66.25 67 69.0625 71 69.875 70.625 72.5 73 72.375 72.5 71.1875 69.3125 67.0625 65.875 63.75 62.375 61.875 68.0625 71.125 75 76.375 79.9375 81.0625 81.8125 82.625 83.5625 84.6875 85.875 86.9375 88.1875 89 89.1875 90 91 91.375 91.8125 92 90.625 88.5 88.9375 89.5625 90 89.25 88.5 87.3125 86.4375 84.625 81.75 78.5 80.125 77.8125 77.375 78 75.125 77 77.125
67.1875 67.5625 66.3125 70.875 72.5625 68.9375 65.625 63.5 59.3125 54.6875 59.5625 58.8125 54.9375 54.875 58.875 61.0625 61.9375 62.4375 64 66.875 69.25 71.625 72.125 72.0625 71.0625 72.25 71.75 71.0625 70.5625 69.9375 67.5 65.4375 62.4375 61.25 57.375 61.0625 68 71.8125 75.0625 76.125 78.3125 79.75 78.5 81.75 84 85.0625 86.5625 87.625 88.6875 89.4375 89.875 90.375 91 91 91.6875 91.875 90.375 89.0625 89.0625 89.5 89 88.875 88 87 85.75 84 81.4375 76.375 77.1875 76.5625 76.0625 76.0625 79.25 85.3125 87.625
72.0625 71.4375 71.25 70.375 72.8125 71.4375 69.8125 67.25 66.1875 63.3125 62.75 62.8125 63.3125 63.4375 61.625 59.8125 60.375 60.125 62.75 65 67.6875 70.1875 72.5625 73.4375 70.9375 71.6875 71 70.25 68.25 67.8125 66.375 64.875 62.75 60.3125 58.25 65.25 69.6875 72.0625 76.1875 76.25 78.125 78.375 78.125 81.375 83.6875 85.5625 86.5625 87 88 89 90.1875 90.6875 91 91.125 91.375 91.25 90.0625 89 89.625 89.5 89 88.625 87.5 86.9375 85.625 83.875 80.875 75.8125 74.875 75.125 79.375 76.6875 84.75 88.75 89.8125
67 69.6875 69.9375 70.0625 72.3125 72 70.5625 69.125 68.5 68.25 68 65.8125 66 62.0625 59.375 61.6875 60.25 61.8125 61.5 62.625 65.375 67.6875 69.3125 72.375 73.5625 72.625 70 69.5 68.25 67.9375 66.5625 64.875 63.0625 58.8125 58.25 66 70.75 74.0625 76.0625 76.125 79.5 80.4375 80.9375 82.625 83.5625 85 86.5625 87.5 88.0625 88.9375 89.1875 90.375 91 91 91 90.6875 90.6875 90.0625 89.5 89.0625 89 88.5 87.5625 87 85.875 84.375 81.3125 76.125 71.625 78.875 82.4375 83.5 88 89.75 90.9375
68 70.1875 69.0625 69.9375 70.625 71.25 71.5625 70.5 70.5 70 70.125 70.9375 70.5625 67.5625 62.6875 64.9375 68.0625 67.625 67.5625 65.25 64.125 63.875 66.5 72.0625 70.5 70.875 70.8125 69.125 67.0625 65.5625 63.8125 64.625 63.0625 59.8125 55.875 63.3125 69.875 75.125 76.25 77 78.4375 79.8125 80.4375 81.6875 81.625 83.9375 86.125 88.0625 88.1875 89 89.5 89.8125 91 91.3125 90.8125 89.8125 89.375 89.5 89.125 89 89 88.1875 87.8125 87 86.0625 84.375 82.1875 76.8125 76.8125 78.5625 78.3125 83.8125 86.3125 90.9375 91
69.1875 70.3125 69.9375 68.4375 69.4375 71.375 72.3125 72.4375 72.125 72 71.4375 72.1875 74.25 70.875 64.6875 70 68.125 64.375 64.8125 65.125 66.5625 71.0625 69.6875 66.8125 66.25 66.625 68.8125 67.125 66.1875 64.75 63 61.25 59.8125 58.4375 55.0625 61.125 66.6875 71.6875 73.75 75.5625 76.5625 78.25 79.5 80.125 80.5625 83.875 85.6875 86.875 88.5 89.375 89.5625 90.875 90.875 89.375 89.5625 89.0625 88.5625 88.875 89 89 89 88.0625 88 87 86.125 84.6875 83 78 80.4375 81.875 82.5 85.4375 87.5 90.75 91
67.625 68.5625 69 68 69.1875 70.25 71.3125 73.4375 74.375 74.375 73 73.3125 74.5625 73.5625 68.5625 73.5625 72.9375 71.1875 71.0625 71.125 69.625 72.9375 68.25 68.5625 69.25 66.375 65.6875 65.5625 67.0625 66 64.9375 63.8125 63.9375 60.125 56.6875 58.375 65.5625 67.5 71.5625 73.75 75.0625 77.3125 79.375 80.625 82.0625 83.375 85.4375 86.75 88.0625 89.25 90 90.875 90.375 87.0625 88.5 88.5625 88 88.0625 88.75 89 89 88.6875 88 87.1875 86.4375 84.9375 83.125 79.8125 77.375 81.875 78.3125 78.875 86.75 90.8125 91
65.5 66.8125 66.5625 67.375 68.0625 70.3125 71.1875 73 75.75 76.3125 75.5 75.5 76 76.8125 76.8125 73.5 68.5 68.3125 68.4375 70.5 72.875 73.9375 71.8125 71.875 71.3125 69.5625 68.9375 68.3125 67.0625 67.125 67 66.5 63.4375 60 52.75 61.875 69.5 71.125 72.625 74.625 76.25 78.6875 79.8125 81.125 83.5 83.9375 85.1875 86.375 87.75 88.6875 89.5625 90.625 90 87.4375 87.25 87.3125 87.625 87.9375 88.0625 88.6875 89 89 88.375 87.5625 86.75 85.0625 83.5 81.0625 77.875 80.1875 76.3125 75.5 85.1875 90.9375 91.0625
64.3125 63.875 63.375 66.25 67.6875 67.5 68.375 70.375 73.875 76.4375 77.6875 77.25 77.5625 78.3125 77.5 73.4375 70.6875 69.3125 65.6875 64.6875 66 69 70.1875 68.9375 70.0625 70.375 71.1875 70.375 68.75 67.25 68.375 66.6875 65.375 60.875 55.375 61.1875 66.0625 61.375 68.25 73 75.625 78.4375 79.8125 79.625 82.5625 84.6875 85.8125 86.375 87.5625 88.125 89.125 90.0625 89.5 83.0625 85.5 85.375 86.6875 87.6875 88 88.0625 88.9375 89 88.25 87.875 86.875 85.6875 84.5 83 81 80.1875 83.1875 83.375 87.1875 90.8125 91.625
