b_ap_r.asc
NCOLS 390 
NROWS 330 
XLLCORNER -114.008318537 
YLLCORNER 32.991665327 
CELLSIZE 0.0333547025948718 
NODATA_value -9999 
[rows 198 to 230 of 330, columns 0 to 74 of 390]
87.125 84.375 84.3125 81.875 78.4375 77.25 78.875 80.6875 82.4375 81.0625 78.4375 77.6875 73.5 70.25 70.1875 70.875 65.75 59.25 59.5 72.0625 73.3125 74.375 77.3125 74.3125 75.5625 74.4375 73 66.0625 65.75 69.125 72.875 74.375 75.5 74.625 75.9375 74.5625 72.3125 70.9375 72.4375 70.8125 72.3125 72.75 75.625 74.4375 73.0625 75.875 76.25 74.5625 73.125 75.0625 75.75 76.875 79 80.125 82.125 82.3125 81.75 81.5625 86.5625 88.6875 87.0625 87 88.4375 87.3125 89.3125 90.875 91.375 91.4375 91.375 91.875 91.125 92.25 93.375 95.5 94.6875
88.875 86.625 83.125 77.625 78.9375 79.625 82.0625 82.75 83.8125 81.5 79.6875 76.8125 72.25 67.9375 60.4375 59.875 58.875 57.6875 66.1875 72.375 75.375 78.125 77.9375 75.625 75.5625 74.375 73.375 71.5625 69.3125 70.5625 72.125 74.8125 74.3125 75 74.875 73.375 71.25 70.75 72.875 73.8125 72.75 75.5 76.6875 75.125 74.125 75.75 76.5 76.0625 77.125 78.125 78.75 78.5 79.8125 81.5 81.625 82.375 83.625 83.8125 85.375 88.125 88.8125 88.125 89.9375 88.8125 89.875 90.25 91.9375 92 90.4375 90.5625 91.0625 90.625 92.3125 94.5625 97.4375
89.6875 87.8125 85.3125 82.875 83.3125 83.125 83.625 85.25 84.5 81.3125 79.5 76.375 74 71.6875 66.5 58.6875 66.5625 71.75 72.5 74.5 78.6875 81 78.4375 76.3125 74.125 76 74.8125 74.1875 73.25 73.5625 71.5625 75 75.625 75.0625 73.375 69.625 68.9375 71.625 73.75 75.875 74.875 76.3125 77.4375 76.1875 76.5625 77.1875 76.5 76.625 78 79.5625 80.125 80.1875 81.1875 82 81 81.8125 82.1875 85.75 87 87 90.0625 88.9375 90.3125 91 89.3125 89.625 91.375 92.5625 90.625 90.75 91.125 91.875 92.625 95.375 97.125
90.125 88.5625 87.0625 86.125 85.625 85.875 86.6875 86.25 82.9375 80.8125 79.6875 78.3125 76.3125 72.5 72.5625 72.375 73.6875 74.75 76.9375 80.1875 81.875 82.75 80.875 77.8125 74.1875 78.3125 76.875 77.25 76.6875 75.125 72.875 73.625 74.125 73.25 71.3125 70.1875 71.75 74.375 75.875 77.1875 77.3125 77.125 75.1875 75.8125 77.0625 77.3125 77.125 78.375 79.5625 80.4375 81 80.0625 80.6875 81.5625 83.25 83.75 84.9375 86.1875 86.125 88.1875 90.25 89.625 91.1875 91.5 90.5 89.375 93.5 93.875 93.125 91.25 92.0625 94.0625 97.0625 97.0625 96.125
91.125 90 88.375 87.3125 86.1875 86.875 88.0625 83.5625 80.5 79.5625 80.625 80.6875 77.625 75.75 76.0625 77.25 78 80.8125 81.9375 84.4375 84.5 84.9375 83.5625 78.4375 75.5625 79.125 79.25 76.875 75.5 75.75 76.0625 76.6875 72.1875 73.1875 74.375 74.4375 75.5625 76.25 76.9375 77.625 78.125 75.375 73.9375 76.4375 76.9375 76.25 76.9375 77.9375 79.25 80.125 80.125 79.3125 78.6875 79.4375 83.5625 84.625 85.0625 85.1875 84.25 87.375 90.25 92.625 92.8125 92.4375 92.75 92.375 94.4375 95.75 95.6875 92.6875 94.375 97.6875 98.5625 98.75 97.8125
92.6875 90.125 84.75 82.375 83.4375 85.5 89.1875 86.0625 84.1875 81.3125 85.25 84.25 80.4375 79.625 80.875 81.5 81.9375 84.25 87.8125 86.4375 86.5 86.625 84.75 81.25 82.9375 81.4375 79.5 79.0625 79.1875 77.75 79 78.375 76.25 75.4375 75.625 76.4375 76.4375 76.8125 77.1875 78.0625 77.6875 74.1875 74.1875 77.6875 78 76.5625 77.1875 77.6875 79.5625 80.125 79.6875 78.4375 77.6875 79.9375 82.5 83.625 85.6875 84.8125 84.9375 89.5625 91.3125 92.25 93 91.5 93.75 93 93.8125 94.9375 97.125 97.4375 96.4375 98.5625 99.125 100.125 99.25
92.375 88.75 84 77.6875 77.75 82.9375 89.1875 89.6875 90.8125 89.625 88.5 87.4375 85.75 85.8125 87.1875 86.5 86.5625 88.0625 89.4375 89.4375 87.4375 86.3125 83.875 83.3125 83 82.4375 82.0625 80.9375 80.125 79.125 79.9375 79.0625 77.8125 77.6875 78.375 78.75 78.75 77.875 78.1875 77.6875 76.75 75.8125 76.8125 78.1875 79.1875 79.1875 78.625 79.8125 81.375 80.8125 79.1875 79.375 79.8125 81.625 81.375 83.0625 86.4375 87.25 88.3125 89.625 90.5 91.8125 94.375 91.75 94.5 96.1875 96.875 96.1875 98.5 98 99 98.6875 99.5 99.8125 100.6875
92 88.375 82.625 75.5625 75.1875 82.875 87 88.9375 90.25 92.3125 92.75 91.5625 89.375 89.3125 90.875 90.125 90.1875 90.625 90.5625 88.6875 86.0625 84.4375 81.625 79.9375 78.75 78.0625 80.0625 80.4375 81.5 80.6875 80.75 80.125 77.0625 76.875 76.625 78.3125 78.375 76.875 76.5625 77.375 76.9375 76.375 77.5625 78.875 79.6875 79.1875 79.25 80.5625 81.5 81.25 81.375 82.375 82.5625 80.8125 82.5 86 87.0625 88.1875 88.875 88.8125 89.75 93.0625 95.1875 94.4375 95.75 97.0625 98 98.6875 99.0625 99.6875 99.25 98.25 98.75 99.75 102.25
92.4375 89 82.625 76.8125 78.1875 81.3125 82.5 86.3125 88.75 90.75 93 93.8125 92.0625 91.8125 93 92.5 92.0625 90.75 89.8125 88.0625 86.8125 81.6875 80.75 79.8125 78.1875 78.1875 78.8125 78 79.375 78.0625 79.5625 74.4375 75.5 76.125 76.3125 76.5 75.8125 74.9375 75 75.8125 75.875 76.8125 77.6875 79.125 79.25 79 79 80.0625 82 81.875 82.125 81.9375 81.625 80.8125 84.5 86 87.125 87.875 88.4375 87.375 89.625 94.125 95.8125 96.0625 96.125 97.0625 98 98.9375 99.625 100.0625 100.1875 99.8125 98.875 99.25 101.5
93.75 90.875 88.0625 84.4375 83.5 79.625 77.8125 84.8125 89.6875 91.4375 92.125 93.375 93.8125 93.8125 93.6875 92.5625 90.6875 85.8125 85.625 86.6875 86.125 80.25 78.8125 76.4375 76.875 77.25 78.75 79 76.5625 73.0625 74.3125 73.875 75 74.8125 75.375 75 75.125 73.875 73.4375 74.875 75.4375 77.0625 76.75 79.4375 80.1875 79.625 78.5625 79.375 81.5 82.9375 82.375 81.4375 82.25 84.25 84.8125 85.9375 86.4375 86.125 87 88.8125 91.375 93.3125 94.8125 96.5625 96.3125 97 97.75 98.375 99.125 100.3125 101 101.1875 101.75 102.25 103
95.125 93.625 92.0625 89.8125 85.6875 76.875 81.0625 83.3125 88.0625 92.125 93.875 94.25 93.9375 93.5 93.0625 92.1875 90.1875 87.25 83.75 85.25 85.625 81.4375 76.125 74.875 76 77.625 78.9375 79.5625 79.0625 77.125 70.875 73.5625 76.75 74.875 75.25 76.5 76.25 75.5 75.125 73.6875 75.0625 77.1875 77.9375 80.1875 81.375 80.3125 80.375 79.6875 82.25 84 84.1875 84.1875 84.625 85.125 85.875 85.4375 84.375 84.0625 84.6875 90.0625 92.0625 91.875 94.0625 95.6875 96.4375 96 96.125 96.4375 97.5 99.3125 101.0625 101.625 102 102.375 102.75
97 95.5625 94.8125 93 88.625 83.625 84.5 82.25 87.4375 92.3125 94.25 94.1875 93.625 92.875 92.875 92.3125 90.75 89.75 89.125 88.5625 87.375 83.0625 79.6875 79.75 79.9375 79.75 80.0625 80.5625 80.625 80.625 78.0625 79.125 74.875 75.875 77.5 78 77.25 77.75 77.375 72.5 76.875 80.8125 79.5 81.8125 82.9375 82.9375 83.0625 83.125 84 84.75 84.875 84.9375 85.625 86 86 84.875 82.875 82.8125 85.3125 91.25 92.125 93.375 95.0625 95.6875 96.5625 95.3125 96.0625 97.5 97.125 96.25 100.0625 102.0625 102.1875 102.1875 102
97.625 97 96.6875 96.3125 92.3125 90 92.375 90.125 92.1875 92.125 93 93.0625 93.1875 92.75 92.125 91.8125 91.125 89.9375 88.375 89.125 87.6875 81.375 81.6875 81.3125 81 80.5625 79.6875 80.1875 81 81.375 81.5625 79.25 78.125 78 78.9375 77.8125 75.5625 76.9375 79.0625 77.8125 80.5 82.5 82.75 83.6875 83.75 83.75 83 83.1875 84.6875 85.5 85.25 85.875 86 85.875 84.875 83.375 82 82.375 85.9375 90.0625 90.5 91.6875 93.0625 93.25 94.875 96.5 97.9375 97.4375 94.625 94.875 98.0625 102.0625 103.25 103.75 103.9375
97.1875 97.9375 97.75 97.8125 94.5625 91.5625 95.8125 92.8125 88.1875 88.3125 90.125 91.6875 91.6875 91.375 91.125 89.75 88.75 87.8125 87.3125 88.125 82.8125 80.75 81.625 81.9375 81.1875 78.125 79.1875 79.4375 80.4375 81.625 82 81.6875 81.5 81.0625 80.625 77.125 74.8125 76.9375 79.25 82.5625 82.9375 83.25 83.6875 84.25 84.9375 84.375 84.25 85 85.8125 85.9375 86 86 85.8125 84.625 82.3125 81.25 80.9375 82.875 87.375 88.75 87.5625 89.125 90.125 90.4375 91.25 93.125 94.8125 96.125 97.3125 98.125 97.9375 101.4375 103.625 103.9375 104.1875
97.6875 98.3125 98.375 98.3125 94.625 93.875 90.1875 83.4375 83.25 87.1875 88 84.9375 86 89.25 85.1875 85 85.4375 83.625 83.3125 82.8125 79.6875 80.5625 81 81.8125 81.375 81 80.875 80.25 80.5625 81.0625 81.6875 82 82 81.1875 80.0625 76.875 77.5 82 82.6875 83.125 83.3125 84.4375 84.625 85.5625 85.5 85.5625 86 85.6875 85.375 85 84.875 84.8125 84.625 82.625 80.375 80.25 80.8125 82 87.3125 87.5625 87.0625 87.75 87.6875 88.875 90 90.875 91.875 91.5 91.4375 92.3125 99.9375 101.125 103.25 103.625 103.375
98.0625 98.5 98.875 97.1875 88.3125 81.3125 85.875 78.1875 79.9375 85.4375 84.4375 79.4375 84.5625 84.75 81.5625 82.3125 83.125 83.3125 83.3125 83.5 79.1875 80.1875 81 81.1875 81.0625 81 81 81 81 81.5 81.5625 82 82 81.8125 81.625 79.5625 80.5 81.75 84.5 84.4375 84.9375 85.6875 86 86 85.875 85.4375 85 84.9375 84.375 84.0625 83.5625 83.5625 83 80.75 78.0625 79.4375 79.125 79.125 85.5 86.0625 86.25 86.1875 86.25 87.25 87.8125 88.5625 89.25 88.6875 89 89.375 92.4375 101.875 102.5 104.0625 104.5
99.0625 99.1875 97.5625 93.8125 84.9375 77.6875 82.3125 74.25 75.375 79.5625 83.5625 78.75 80.5 80.9375 77.9375 77.6875 82 82.0625 83.1875 84.6875 79.75 79.5 80.4375 81.5625 82 81.875 81.3125 81.5625 81.125 81.375 81.9375 82 82 82.75 83.5625 84.1875 84.6875 85 85.1875 85.625 85.9375 86.1875 86.8125 85.875 85.3125 84.8125 84.25 84 83.375 82.9375 82.5625 82.3125 80.1875 78.25 75.6875 78.125 76.75 78.4375 84.75 85.25 85.5625 84.8125 84.3125 85.1875 85.9375 87.0625 87.6875 86.5625 87.4375 89.25 99.3125 101.4375 102 103.5 104.5
99.375 98.0625 95.3125 89.8125 77.75 75.9375 78.5 70.8125 75.0625 80.5 80.5625 75.8125 76.5625 78.25 75.8125 77.25 81.5625 82.5 83.375 84.0625 83.5625 78.75 79.8125 80.625 81.6875 82 81.8125 81.5 81.5 81.4375 81 81.25 81.875 82.625 83.25 84.3125 85 85.375 86 86.3125 86.9375 86.4375 86.125 85.5625 84.6875 84.0625 83.8125 83.125 82.625 81.6875 81.375 79.9375 75.5 74.375 73.4375 74.875 74.75 80.5 84.875 82.8125 83.4375 83.4375 82.6875 84.4375 85.25 85.375 84.8125 84.1875 89 97.5625 101.5625 101.625 102.125 103.0625 103
99 97.1875 91.5625 80.3125 71.9375 71.5625 72.875 74.125 75.9375 80.4375 79.8125 74.3125 76.1875 78.5625 78.4375 80.1875 81.25 82.8125 83.625 84.0625 84.75 80.0625 79.375 80.125 80.9375 81.9375 82 82 82 81.4375 80.9375 80.875 80.875 81.625 82.5 84.0625 85.125 85.8125 86 86.0625 86.6875 86.6875 85.4375 84.75 83.875 83.375 82.8125 82.3125 81.5625 80.8125 79.625 76.375 71.5 70.75 71.5 72.75 74.5625 81.9375 87.625 80.8125 80.625 80.125 80.8125 84.0625 84.5 83.5625 83.1875 86.25 99.1875 101 101.625 102.1875 100.4375 99.375 98.9375
97.625 95.1875 87 79.0625 76.375 75.5625 76.6875 81.0625 77.6875 79.375 80.1875 79.25 79.6875 80.0625 79.0625 80.1875 80.5625 82.6875 83.625 84 84.1875 82.625 79.125 79.625 80.625 81.6875 82 82 82 82 81.625 80.0625 80 81.375 83 84.625 85.25 86 86 86 86 86.875 84.75 83.9375 83.0625 82.875 82 81.4375 80.5 79.5625 77.75 71.3125 69.1875 68.8125 70 71.4375 76.75 81.125 88.5625 89 87.8125 88.3125 85.6875 83.0625 82.0625 80.4375 88.8125 99.3125 100.625 101 101.9375 101.875 96.1875 96.6875 97.625
95 90.6875 84.875 81.6875 79 83 83.8125 83.8125 82.125 81.1875 79.625 80.0625 80.4375 80.25 79.5 79.875 80.1875 81.4375 83.0625 83.9375 84 83.875 80.25 79.0625 79.9375 80.9375 82 82 82 82.25 82 81.5 82.0625 83 84 84.875 85.0625 85.125 85.1875 85.1875 85.375 87.0625 84.0625 83.875 83.5 82.1875 81.3125 80.3125 79.625 78.4375 72.1875 68.875 67.375 66.75 67.625 68.9375 73.9375 80.75 86.1875 90.9375 92.25 92.9375 93.5625 92.4375 85.625 86.8125 96.8125 99.5625 100.25 100.75 101.1875 97.375 93.6875 95.0625 96.5
87.375 85.5625 85.25 84.9375 84.625 84.0625 83.5625 86.0625 84.875 80.75 80 80.4375 80 80 79.75 79.9375 80.375 80.6875 81.8125 83.125 83.5625 83.9375 82.8125 78.875 78.75 80.375 81.9375 82 82.0625 82.9375 82.25 82.4375 83 83.75 84.125 84.625 84.6875 84.875 84.8125 84.4375 84.5 86.9375 84.0625 83.0625 81.625 80.5 79.5625 78.9375 77.75 77.625 70 66.625 66.125 64.75 64.8125 64.9375 74.125 79.6875 81.5625 89.625 92.375 93.5625 94.375 94.875 95.875 97.3125 98.5 99.25 99.625 99.625 99.9375 92.9375 92.25 93.5 94.75
82.6875 88 87.3125 86.3125 85.8125 83.375 85.0625 87.0625 85 82.875 81 80.375 79.875 79.6875 79.6875 79.3125 80.25 80.25 81.375 82.375 83.25 83.5625 83.4375 78.6875 79.1875 80 81.25 82 82 82.25 82.0625 82.0625 82.625 83.1875 83.5 83.6875 83.5625 84.1875 85.25 84.625 84.1875 87.3125 85.9375 83 81.375 80 78.75 77.5625 76.125 73.125 67.4375 64.75 64.375 63.75 62.8125 63.8125 72.875 77.8125 80.1875 87.3125 91.3125 93.1875 94.75 95.625 96.5625 97.4375 98.0625 98.75 98.4375 98.5 98.4375 92.9375 90.6875 91.6875 93.25
86.8125 89.9375 89.1875 87 85.625 85.125 88.3125 84.1875 83.5625 83.625 80.5625 80.1875 79.625 79.3125 79.5 79.4375 80 80.6875 81.1875 81.625 82.6875 82.625 82.25 77.5 78.125 79.0625 78.8125 80.5 82 82 82 82 82.1875 82.8125 83.0625 82.9375 82.8125 83.5 84.375 85.6875 84.3125 87.75 84.25 81.3125 80.1875 79 77.6875 75.9375 73.0625 70.625 66.1875 64.5 63.375 62.5 61.9375 64.1875 70.1875 76.25 77.8125 81.1875 90.75 92.9375 94.5 95.3125 96.0625 96.5 96.875 97.9375 96.875 96.9375 97.375 90.25 90.0625 90.5625 91.6875
89.125 90.0625 90.375 88.8125 87.9375 87.5 88.75 85.5 81.375 81.6875 80.4375 78.9375 79.0625 79.1875 79.25 79.4375 79.8125 80.625 80.5 80.75 82.625 80.625 77.3125 77.375 78.25 78.125 77.5625 79.4375 80.375 81.0625 81.8125 81.625 81.75 81.1875 82 83.1875 84.625 83.8125 84.5625 84.625 88 89.4375 83.4375 81.3125 80.3125 78.3125 76.6875 74.625 71.1875 69.4375 65.875 63.5625 62.8125 61.875 60.8125 62.3125 66.3125 71.75 76.625 81.6875 89.9375 92.3125 94 94.5 94.625 95.25 96.3125 95.9375 95.625 95.25 95.9375 92.8125 89.5 89 89.4375
90.75 90.5625 91.3125 92 91 90.6875 91.1875 88.625 82.6875 79.8125 80.1875 77.875 78.25 79 78.8125 79 79.875 80.625 80.75 81.5 80 75.25 75.6875 76.6875 77.875 78.0625 78.5 79.25 79.875 80.0625 80.8125 80.875 80.3125 81 81.6875 82.25 82.4375 85.375 85.0625 86.9375 90.5 87.125 83.0625 84.1875 82 79.9375 75.9375 73.9375 69.9375 67.875 66.6875 63.3125 62.4375 61.375 60.4375 60.625 64.1875 68.3125 75.3125 81 89.75 91.875 92.8125 93.375 93.5 94.8125 94.5625 94.8125 93.875 93.3125 93.375 95.3125 89 86.125 87.9375
92.0625 92.5 93.125 92.6875 93.125 92.9375 91.5625 87.6875 87.4375 84.5625 81.6875 77.3125 78.125 78.1875 78.0625 78.8125 79.75 80.125 80.25 81.5625 78.6875 74.4375 75.625 76.0625 76.6875 77.5 77.875 77.875 78.8125 78.875 79.0625 79.125 80.25 81 81.125 81.6875 81.0625 82.1875 81.5 82.75 90.6875 87.25 88.625 88.9375 81.5625 76.875 75.875 73.6875 69.625 67.375 65.75 63.0625 61.5625 60.5 59.8125 59.75 61.75 63.625 73.4375 79.375 88.6875 91.0625 91.875 93.0625 96.0625 95.625 93.4375 93.1875 93.0625 91.875 91.0625 92.8125 93.9375 86.25 87.875
93.5 93.9375 94.5625 94.3125 94.5625 94.125 91.9375 85.125 79.5 80.9375 80.875 77.9375 77.1875 77.8125 78.375 79.0625 79.4375 79.9375 80.75 81.5 79.5625 74.4375 75.6875 75.5 75.3125 74 75.75 76.0625 78 78.25 78 78.5625 79.25 80.3125 81 81.3125 80.75 81.1875 80.625 81.8125 88.3125 91.6875 89.5 87.9375 78 75.9375 74.4375 72.625 69.25 67.1875 65.1875 63.75 62 59.5 58.6875 58.3125 60.9375 63.125 70 79.1875 88.0625 89.6875 90.8125 93.25 94.5625 93.0625 92.75 93 91.8125 90.625 90.6875 90.5625 93.3125 91.0625 87.875
95.125 95.3125 95.6875 95.5625 95.3125 94.625 90 84.875 77.0625 77.0625 77.8125 77.9375 77.75 77.6875 78.25 78.875 78.75 79 80.6875 81 80.6875 75.25 75.5 75.8125 75.1875 74 75.25 77.5 78.9375 77.5625 77.4375 78.125 78.5 79.3125 79.9375 80.75 81 80.75 80.5 82.5625 90.4375 90.5 87.25 84.5 83.5 81.8125 78 71.5 69.3125 67.125 65.125 62.875 61.625 59.25 57.875 57.0625 59.625 60.5 69.8125 80.75 86.75 88.5 89.5625 89.875 94.375 94.8125 91.9375 91.4375 89.625 90.75 91 90.25 91.125 93.4375 88.3125
95.75 97.25 96.8125 96.6875 95.8125 94.1875 88.4375 84.125 75 75.0625 75.5625 76.4375 77.5625 76 74.8125 75.375 78.625 79.625 80.125 80.875 80.25 76.875 74.6875 75 74.4375 71.375 70.9375 78.5625 80.625 78.4375 77.75 77.5 78 78.5 79.0625 79.75 80.3125 80.1875 80 80.5 85.375 91.4375 87.5 91.1875 90.25 88.6875 84.1875 81.9375 79 67.6875 65.25 63.1875 61.25 59.75 57.5 56.375 58.6875 60.5625 70.9375 81.125 85.5 87.1875 88.3125 94.0625 93.5625 91.625 90.625 90.875 90.0625 90.75 90.1875 90 89.8125 91.5625 90.5
97.3125 98.25 97.75 97.375 96 93.5 87.75 85.5625 81.3125 74.375 75.75 76.875 77.5625 78 76.375 74.75 78.6875 79.75 80.0625 80.0625 80.1875 76.6875 72.9375 71.75 71.1875 72.3125 71.875 78.25 81.875 78.0625 77 77.375 80.25 82.875 79.1875 79.0625 80.25 83.625 82.5625 83.75 89.6875 91.3125 90.375 91 91.4375 92.375 94.6875 87.75 83.9375 74 66.3125 63.8125 62.125 60.75 58.25 56.4375 58.0625 58.6875 61.125 77.0625 82.25 84.8125 86 94.125 92.375 89.25 89.875 90.25 90.0625 90.25 90.125 89.8125 89.5 90.125 92.0625
99.75 99.1875 98.625 97.5625 96.1875 91.5625 86.375 85.4375 81.3125 75.5 76.1875 77.0625 78.25 78.625 79 79.0625 80.5625 80.625 80 80.3125 80.8125 79.8125 74.375 71.9375 68.5 71.5625 74.9375 78.75 82.9375 78.5 76.4375 77.5625 81.0625 87.4375 81.125 79.3125 79.625 85.75 88.9375 91.3125 92.1875 89.5 86.1875 80.8125 80.0625 80.8125 89.25 86.375 79.375 73.25 66.3125 64.5625 62.75 61.25 59.125 57.625 57.5 56.75 57.5 68.0625 75.1875 80.75 86.1875 92.1875 91.9375 87.9375 88.9375 89.875 90 90 90 89 89.25 90.5 91.625
100.625 99.0625 98.5625 97.4375 96.0625 88.875 87.25 86.5 84.125 79.5 77.5625 77.8125 78.25 78 79 79.1875 79.9375 80.4375 81.5625 80.3125 81.125 82.0625 82.375 81.4375 75.5625 72.625 77.875 83.1875 82.5625 76.9375 75.9375 78.1875 82.375 89.25 88.0625 80.625 86.75 90.1875 90.9375 89.625 91.75 87.5625 79.0625 82.1875 83.3125 88.3125 88.6875 85.75 75.5625 75.9375 70.125 72.9375 65.6875 62.9375 60.3125 59.4375 58.1875 57.25 57.125 59 66.5625 74.375 80.5 89.5 93.8125 87.1875 88 88.4375 89.4375 90 90.1875 90.0625 91.1875 92.9375 92.8125
