b_ap_r.asc
NCOLS 390 
NROWS 330 
XLLCORNER -114.008318537 
YLLCORNER 32.991665327 
CELLSIZE 0.0333547025948718 
NODATA_value -9999 
[rows 0 to 32 of 330, columns 150 to 224 of 390]
77.9375 79.375 79.8125 79.375 80.8125 81.875 83.0625 84.5 85.125 85.625 86.875 86.5625 87.8125 88.625 88.625 88.3125 88.8125 89.25 89.625 89.875 90.5 91 91.375 91.8125 92.375 93 92.875 92.5 93.25 94.25 95 94.8125 94.0625 92.9375 92.375 91.4375 90.4375 89.9375 89.125 87.5625 87.25 87.125 86.5 85.9375 85.375 85.125 84.5625 84.6875 85 83.4375 82.4375 81.375 79.3125 76.25 72.5 70.3125 68.125 66.5625 66.4375 66.9375 67.75 68.9375 69.5625 67.0625 68.375 75.0625 79.875 81.25 81.9375 82 82 81.625 81.25 81.8125 82
78.125 77.9375 78.5 79.375 80.4375 81.375 81.8125 82.6875 83.6875 85.25 86.4375 86 86.6875 87.5625 87.5625 87.625 86.875 86.5625 87.375 88.0625 89 90.0625 90.4375 91.625 92.25 92.9375 93 93.1875 93.4375 94.4375 94.3125 93.625 92.6875 92.25 91.875 91.3125 90.75 89.9375 89.5 88.375 87.75 87 86.1875 84.9375 84 84.125 85 84.375 85.125 83.75 82.5625 82.5625 80.75 75.9375 72.875 71.3125 68.9375 66.5625 67.1875 66.875 67.75 69.375 72.75 71.6875 68.125 72.8125 79.5625 81.125 81.75 82 81.8125 80.9375 81 81.3125 81.9375
77 75.0625 77.1875 78 79.75 80.5 80.4375 82.5 81.875 83.1875 85 86.75 87.3125 87.75 88.75 88.8125 89.1875 88.8125 87.9375 87.375 88.375 89.625 90.0625 91.125 91.875 92.1875 92.75 93.125 93.75 93.625 93.3125 93.5 93 92.4375 92.1875 91.625 91 90.4375 89.875 89.1875 88.5 87.6875 86.25 84.9375 85 85 84.8125 84.375 84.5625 83.75 82.75 82.875 80.5625 77.4375 73.4375 72.1875 69.8125 66.5 67.6875 67.75 67.4375 68.8125 71.8125 77.125 72.875 72.5 79.25 81 81.3125 81.25 81.25 80.5 80.9375 81.5625 81.875
72.8125 74.1875 76.625 77.875 79.875 80.625 81.75 80.25 82.25 83.9375 84.5 85.3125 86.3125 85.9375 86.875 88.75 89.125 89.625 89.8125 89.4375 89.8125 90.5 90.8125 91.1875 91.8125 92.3125 92.9375 92.5 92.3125 92 92.375 92.6875 92.625 91.875 91.25 90.625 90.5625 89.875 89.4375 89.0625 88.3125 87.8125 86.6875 85.25 85 84.875 84.4375 84.0625 84.5 83.875 83 82.0625 80.0625 78 75.125 72 70.25 67.3125 67.75 69.4375 67.6875 67.9375 70.75 76.8125 79.1875 78.25 79.125 79.9375 79.4375 79.875 80.6875 80.625 81.4375 82 82
72.375 75.6875 76.625 78.375 79.125 80.25 80.8125 82.0625 83.5 84.6875 85.875 86.75 87.625 88 88.6875 89.0625 89.5 89.8125 90 90.4375 90.125 89.3125 89.625 90.5625 92.5 92 90.875 90.5 90.625 90.75 91.1875 91.5 91.8125 91.75 90.75 89.625 89.375 89.1875 88.75 88.8125 87.9375 87.125 86.125 84.4375 84.25 84.0625 84 84 83.6875 83.8125 82.9375 82.125 79.9375 78.375 75.25 72.75 70.4375 68.6875 68.625 70.6875 69.375 69.1875 70.1875 75.0625 79.5625 80.3125 80.5 80.5625 80.625 80.75 80.4375 81.3125 81.0625 81.5625 82
71.9375 75.625 76.875 77.4375 78.1875 80.5 80.625 83.125 84.625 85.75 87.0625 87.5 88 88.75 88.9375 88.9375 89 89.3125 89.4375 89.9375 90.375 90.625 90.75 91.125 91.75 90.9375 89.3125 88.4375 89.5 89.375 89.6875 90.4375 90.625 91.375 90.875 90.4375 89.625 88.25 87.75 87.5625 87.4375 86.6875 84.875 84.9375 84.875 84.75 84.375 84.1875 84 83.8125 83 81.9375 80.1875 78.125 75.3125 73.5625 70.1875 69.5625 71.4375 71.3125 71.5625 71.9375 72.9375 73.375 78.4375 80 81 81.125 81.0625 81.125 81.5 81.5 81.5625 81 81.6875
69.8125 74.6875 77.1875 80.3125 80.875 82.875 83.375 83.6875 84.9375 85.5625 86.5 86.875 87.1875 87.3125 87.875 88.8125 89 89.1875 89.875 90 89.8125 89.875 90.375 90.6875 91 91.3125 89.9375 89.4375 90.25 89.875 89.5 89.3125 90.25 90.25 90.125 90.375 89.5 89.5 88.5 87.1875 86.125 84.9375 84.1875 84.75 85.125 84.9375 84.125 84.375 84 83.6875 84 83 80.6875 77.625 75.75 74.25 70.75 69.875 71.125 72.75 74.8125 74.75 76.375 76.125 77.5 79.3125 81.0625 81.8125 81.75 81.625 82 82 81.8125 81.125 81.25
76.3125 76.375 76.25 78.5 81.9375 83.5625 84.1875 84.9375 85 85.4375 85.9375 85.875 87.125 87.5625 87.5625 87.0625 87.875 88.5625 88.9375 89.3125 89.8125 89.625 89.75 89.8125 90.1875 91 90.75 90.6875 90.375 90.25 90 89.5625 89.8125 89.25 89.8125 89.75 89.375 89.0625 89 88.375 87.4375 86.1875 85.0625 85.3125 84.875 84.4375 84.75 84.25 84 83.875 83.8125 83.0625 80.625 77.3125 76 73.8125 71.875 71.25 72.9375 73.875 76.1875 79.5625 79.5625 79.875 78.0625 80.0625 80.4375 81.125 81.75 81.875 81.9375 82 82.125 81.875 81.8125
78.3125 79.9375 80.625 81 83.125 84.125 84.9375 85.625 86 85.9375 86.75 87.125 87.5 87.8125 88.9375 89 89.0625 88.9375 89.1875 89.4375 88.9375 88.8125 89.1875 89.625 89.9375 90.625 90.125 89.9375 89.9375 90.125 90.1875 90.1875 89.875 89.5 89.25 89 88.8125 88.8125 88.3125 88.0625 87.8125 87.25 86 85 85.125 84.875 84.625 84 84 83.8125 83.875 82.5 82.3125 80.3125 77.125 73.6875 73.3125 73.6875 72.9375 74 76.6875 79.9375 81 80.125 81.25 81.0625 80.4375 81.4375 82.0625 81.8125 82.8125 82.5 82.3125 82.5625 82.125
77.25 79.5625 81.5 83 83.8125 84.3125 84.875 84.6875 85.1875 85 84.9375 85.3125 85.5625 87.0625 87.8125 88.6875 89.25 89.6875 89.8125 89.75 89.5 89.25 88.9375 89 89.5625 89.4375 88.75 88.3125 88.25 88.375 88.625 89.1875 88.8125 89.6875 89.1875 88.5625 88.0625 87.875 87.5625 87.5 87.3125 87 85.5 85.3125 84.75 84.4375 84 83.5625 83.875 83.875 84.125 83.0625 82.125 80.375 75.6875 73.8125 72.9375 72.75 73.625 74.5 76.6875 80.0625 81.875 81.4375 81.375 81.9375 81.6875 82.0625 82.875 82.5 82.125 82.5 82.4375 82.5625 82.9375
71.3125 74.5625 79.125 79.0625 81.3125 82.25 82.0625 82.75 81.6875 82 82.75 82.25 84.375 85.75 86.5 87.8125 88.75 88.9375 89 88.5 88.5625 88.75 88.875 89 89 88.5625 88.4375 87.75 86.75 86.0625 86.6875 87.9375 88.625 88.6875 88.8125 88.0625 87.875 86.875 85.875 86.25 86.9375 86.5625 85.125 85.3125 84.625 84.125 82.75 82.375 84.4375 83.5 84.1875 82.5625 80.9375 78.5 73.125 72.4375 72.1875 72.875 73.75 74.5 76.6875 79.75 82.0625 82.3125 82.875 82.625 82.75 82.75 82.8125 82.5 81.9375 82.3125 82.6875 82.875 82.75
79.375 79.25 78.6875 77.375 75.5 75.1875 70.125 76.4375 75.4375 75.375 76.4375 81.25 83.1875 84.5625 86.25 87 87.875 88.3125 88.1875 87.0625 88.125 87.875 88.75 89.3125 89.25 88.625 88.3125 87.5 86.3125 86.75 87.125 86.6875 87.875 87.9375 88.25 88.3125 87.25 86.6875 85.5625 84.5 85.4375 85.9375 84.6875 84.625 84.5 83.9375 82.5625 83.4375 83.6875 81.25 81.5625 81.3125 80.5625 76.4375 72 72.5625 72.875 73 74.4375 74.75 76.5 79.4375 81.8125 83 81.75 81.5625 81.8125 82.3125 82.25 81.875 82.5 82.5625 82.5625 82.6875 82.25
80.25 81.75 82.75 83.8125 82.6875 80.75 73.4375 74.375 74.5 70.875 72.9375 76.6875 78.4375 82.9375 85.3125 85.8125 86.3125 87.6875 87.8125 88.625 86.9375 88.5625 89.25 89.4375 89.3125 88.8125 88.75 88.375 88 87.5 86.1875 85.1875 85.75 86.5 86.6875 87 86.25 84.8125 82.75 81.5 82.3125 83.8125 83.25 83.75 83.25 82.375 84.0625 84 81.5625 80.125 79.875 79.3125 77.4375 71.6875 71.5625 73.375 73.9375 75.1875 75.6875 76.5 76.9375 79.125 81.125 82.75 82.125 80.875 81.4375 82.1875 82.75 83 82.1875 82.375 82.6875 82.125 81.8125
83.9375 84.625 85 85.8125 86 85.5 84.0625 82.1875 79.9375 78.8125 75.8125 76.9375 76.8125 78.9375 82 86.125 87.3125 88.375 89 88.9375 86.8125 85.125 86.5 87.3125 88 86.4375 87.3125 86.25 85.25 84.375 83.25 82.9375 83.0625 85.4375 86 85.6875 84.75 83.3125 82.3125 80.3125 80.3125 80.125 81.25 82.6875 83 83.5 82.5 81 79.125 79.125 78.5625 77.6875 74.0625 69.625 71.75 72.875 71.5 72.375 73.8125 75 76.4375 78.375 80.5625 81.875 82.25 81.0625 81.875 82.625 82.4375 83 82.8125 82.6875 81.8125 81.5 81.375
84.6875 85.625 86.5625 86.625 87.0625 86.5 86.5625 86.625 86.125 85.3125 83.6875 83.875 82.8125 81.8125 81.9375 84.0625 86.4375 87.125 87.6875 88.125 87.75 86.3125 85.375 85.0625 86.8125 86.0625 84.375 84.0625 83.25 83.8125 82 81.875 81.25 83.4375 84.875 84.25 84.4375 84.25 81.0625 81 80.8125 81 82.3125 82.8125 82.625 82.0625 81.5 79.75 76.4375 76.875 76.6875 75.5 71.5625 70.5 71.1875 72 71.1875 72.375 74 75.25 76.4375 78.375 79.75 81 81.9375 80.5625 81.1875 82 82.625 83 83 82.6875 80.5625 80.25 80.9375
85.875 85.4375 86.25 87.25 86.4375 87.0625 88 87.75 88.125 88.1875 88.0625 87.75 87.375 86.8125 83.4375 82.0625 84.9375 86 85.1875 84.125 83.75 83.5 83.5 82.9375 84.25 87.625 83 81.875 82.1875 82.875 80.25 79.125 79.5625 80.875 82.6875 84.6875 85.125 85.6875 83.5625 82.75 82.4375 82.125 81.75 81.5625 80.5625 79.9375 80.125 78.5 74.3125 76.125 75.0625 75.1875 70.5 70 70.75 70.0625 71.8125 73.5625 75 76.375 78.0625 79.4375 80.875 81 81.5 81.4375 81.375 81.8125 82.9375 83 83 83 81.375 80.25 80.5625
86.75 87.3125 87.125 87.5 88.0625 87.125 87.6875 89 88.9375 89.125 89.375 89 88.6875 89 88.375 87.6875 88.9375 89.5625 89.25 87.875 85.5625 83.625 84.6875 84.375 85.875 88.1875 83.6875 83 81.3125 79.6875 78.25 77.0625 77.4375 78.9375 80.75 83.875 85.4375 86.8125 86.75 84.8125 84 82.875 82.1875 80.3125 79.375 78.6875 79.3125 77.5625 73.1875 71.6875 73.9375 71.6875 68.75 71.5625 71.8125 72.6875 73.75 74.9375 76.4375 78.75 79.9375 81.625 81.5 80.5625 80.8125 81.625 82 82.5 82.5 83 83 82.4375 81.625 80.625 80.1875
86.8125 87.1875 87.75 88.3125 88.6875 88.8125 87.875 88.125 89.5 90 90.1875 90 89.8125 90.0625 90.4375 90.625 90.75 90.9375 90.9375 90.75 90.4375 90.5 90.5 90.125 90.625 89.4375 87.375 87.9375 87.1875 85.375 83.125 83.5 83.8125 84.125 84.125 82.125 84.875 86.875 87.875 88 87 86.0625 85.25 84.0625 83.8125 81.875 78.1875 78.0625 75.125 74.3125 74.25 71.75 69.25 71.625 74.125 75.125 76.125 77.8125 79.8125 81.1875 81.6875 81.5 80.875 81.5 81.5625 82.125 82.125 82.0625 82.625 83 83 82.75 82.125 81.3125 80.375
88.0625 88.0625 88.3125 89 89 89.125 89.1875 88.875 89.625 90.25 90.875 90.875 90.875 91 91 91.5625 91.8125 91.8125 92 91.5625 91.5625 91.6875 91.6875 91.8125 92 92 91.4375 91 89.875 88.875 87.8125 87.875 88.3125 88.375 88 87.5625 87.3125 88.375 88.75 89.1875 88.4375 88 87.375 86.625 85.875 83.3125 81.0625 78.875 75.5625 77.6875 76.0625 72.625 70.6875 73.0625 74.875 77.6875 79.9375 81.3125 82 82.1875 81.4375 80.9375 81.25 81.4375 81.75 82 82.0625 82.25 82.5625 83 83 83 82.75 82.125 81.6875
89.0625 88.875 88.1875 88.6875 88.875 89.25 89.9375 90.3125 90.4375 89.6875 90 90.9375 91.125 91.25 91.5 92 92 92 92 92 92 92 92.0625 92.5625 92.5 92.625 92.625 92.4375 91.8125 90.8125 90.4375 90 90.3125 89.875 89.125 89.5 89.9375 89.875 89.6875 90.125 89.8125 89.3125 88.3125 87.625 86.5625 85 85 83.25 81.25 79.3125 75.875 72.75 73.6875 75.75 78.5 80.875 81.4375 81.0625 81.1875 81.625 81.8125 81.5 81.5625 81.6875 82 81.75 82.0625 82.1875 82.6875 83 83.0625 82.875 82.5 82.0625 81.875
90.0625 90 90.0625 89.75 89.5 90 90.1875 90.875 91.25 91.0625 90.6875 90.5 91.1875 91.875 92 92 92 92 92 92 92.125 92.375 92.875 93 93 93 93 93 92.375 91.875 91.875 91.625 91.4375 90.625 90.5625 90.875 90.9375 91 90.8125 90.875 90.0625 89.6875 89.1875 88.3125 87 85.125 84.4375 84.5625 83.125 80.4375 78.5625 77.9375 77.875 78.75 80.75 81.625 82.3125 82.75 82.3125 82.625 82.8125 82.375 82.0625 82.0625 81.9375 81.875 82.125 83.125 83.3125 83.375 83 82.875 82.0625 81.9375 81.5
90.9375 90.8125 91 90.8125 90.3125 90.5625 89.875 90.625 91.8125 92 92 91.875 91.5 91.5625 91.75 92 92 92.125 92.6875 92.8125 93 93 93 93.3125 93.6875 94 93.9375 93.625 93.3125 93.0625 92.9375 92.5625 92.4375 92.4375 92 92 91.75 91.625 91.5 91.0625 91 91 90.1875 89.1875 88.125 87.3125 86.125 84.875 84.3125 82.75 83.4375 82.5 82.375 82.4375 80.9375 81.125 82.4375 83.5625 83.9375 83.75 83.8125 83.75 83.625 83.3125 82.9375 83.25 83.875 84 84 83.375 83.0625 82.9375 82.1875 81.9375 82
90.375 90.875 91 91 91 91 91.25 91.25 91.6875 92 92 92.375 92 92 92 92 92 92 92.25 92.5 92.8125 93 93 93.3125 93.9375 94 94 94 93.5625 92.875 92.25 92.3125 92.375 91.875 91.6875 91.625 91.8125 91.3125 91.3125 91.0625 91.125 91 90.375 89.875 89.1875 88.4375 87.875 87.375 86.625 86.1875 85.6875 85.0625 84.4375 83.6875 82.5625 82.125 82.125 83.0625 84.375 84.9375 84.75 84.4375 84.5 84.4375 84.375 84.1875 84.4375 84.125 83.9375 83.625 83.0625 83 82.3125 82 82
90.75 91.25 91.3125 91.375 91.875 91.9375 91.8125 92 92 92 92.5625 92.75 92.75 92.3125 92.3125 92.6875 92.4375 92.5625 92.8125 93 93 93 93.3125 94 94 94 94.25 94 93.75 93.5 93.1875 92.875 92.875 92.125 91.8125 91.375 91 90.9375 90.625 91 91 91 91 90.4375 90 89.5625 88.9375 88.375 87.875 87.5625 86.5625 86 85.5625 85.3125 84.6875 84.0625 84 84.3125 84.5625 85.0625 85 85.125 85 85 85 84.8125 84.75 84 83.8125 83 83 82.9375 82.6875 82.0625 81.875
89.4375 89.75 89.9375 89.9375 90.25 90.6875 91.625 92 91.9375 91.9375 92.25 93 93 92.5625 92.0625 92.0625 91.6875 92.4375 93 93 93 93.3125 93.9375 93.8125 94.625 94.375 94.25 93.9375 93.25 93.0625 92.375 92.625 93 92.875 92.5 92.125 91.75 91.5625 91.5 91 91 90.6875 90.6875 90.1875 90 89.625 89 89 88.3125 88 87.6875 87 86.375 86.125 86.5 86.25 85.6875 85.4375 85.25 85.1875 86 85.875 85.9375 85.5 85 84.9375 84.8125 83.9375 83 82.9375 82.9375 82.75 82.3125 82 81.4375
89.3125 89.3125 89.625 90.8125 90.875 90.125 90.5 91.3125 92 92 92 92 92.25 92.125 92 91.9375 92 92.75 92.875 92.9375 93 93.25 93.3125 94 95 94.9375 94.75 94.3125 94 93.8125 93 92.6875 92.4375 93 92.6875 92.375 92 92 92 92 91.625 90.9375 90.4375 90.375 89.9375 89.3125 89 88.8125 88.1875 87.875 87.25 87 86.625 86.125 86.875 87 86.8125 86.5 86.0625 86.0625 85.9375 86 86 85.9375 85.0625 84.5 84.25 83.9375 83.25 83.25 83.0625 83 82.5 82.3125 81.875
90 90.3125 90.3125 90.125 90.875 90.6875 90.1875 91 91.5625 91.875 91.9375 91.625 91.875 92 92 92 92.125 92.5625 92.375 93.1875 93.9375 94 94.125 94.6875 94.5625 94.1875 93.9375 94 94 94 94 93.4375 93 92.5 92.25 92 92 91.8125 91.6875 92 91.5 91.1875 91 90.4375 90 90 89 89 88.5625 88 87.4375 87.0625 86.75 86 86 86.375 86.5 86.5625 86.8125 86.125 86.0625 86 86 85.375 84.9375 84.25 84 83.875 83.875 84 84 83.25 83 82.875 82.375
88.75 89.75 89.9375 90.5625 90.0625 91 90.6875 90.125 90.6875 90.8125 91.8125 91.9375 92.25 92.5625 92.1875 91.8125 92 92.8125 93 93.8125 94 94 94 93.9375 93.4375 93.125 93.125 93.6875 94 94 93.9375 94 93.25 92.9375 92.25 92 92 91.875 91.6875 91.875 91.625 91 90.625 90 90 89.8125 89 88.375 88 88 88 87.3125 86.9375 86.6875 86.5625 86.0625 86 86.0625 86.4375 87 87 86.5625 85.875 85.25 85 85 84.5625 84 83.75 83.875 84 83.9375 83.4375 83.125 82.8125
89 89.5625 89.4375 90.1875 90.0625 90.375 91 90.9375 90.4375 90.875 91.1875 91.1875 91.625 92.375 93 92.6875 92.3125 93 93.125 93.9375 93.875 94 94 93.5 93.0625 92.8125 93.5 94 93.625 93.6875 93.9375 93.5 93.0625 93 93 92.4375 91.875 91.4375 91 91.0625 91 91 90.625 90.1875 90 89.4375 89 88.6875 88.0625 88 87.9375 87.5 87.3125 87.375 87.5 87.375 86.9375 86.3125 86.625 87 87 86.4375 86 86 85.6875 85.25 85 84.875 84.375 84.125 84 84 83.3125 83 83
89.25 89.875 90 90 90.3125 90.4375 90.5625 90.6875 90.875 91 91.3125 91.25 91.25 91.5 92.25 92.875 93 93.4375 93.875 94 93.75 93.9375 94 93.75 93 93 93.1875 94 93.1875 93 93.6875 93.625 93 93 92.6875 92.9375 92.3125 92 91.875 91.125 90.9375 91 90.375 90 90 89.5625 89 88.375 88 88 87.875 88.0625 88 88 88 88 87.875 87.3125 87.0625 87 86.5625 86.6875 86.1875 85.875 85.8125 85.9375 85.3125 85.0625 85 85 84.8125 84 84 83.8125 83.6875
88.4375 89.25 89.8125 89.9375 90 89.75 89.3125 90 90.8125 90.875 91 91.5625 92 91.9375 92 92.4375 93 93.1875 93.5625 93.75 93.75 93.25 93.9375 93.75 93 93 93 93.0625 93 93.0625 93.375 93.4375 93.125 92.8125 92.9375 92.1875 92.375 92 92 91.9375 91.1875 91 90.5625 90 89.75 88.875 87.8125 87.9375 87.75 88.0625 88.5 88.125 88.1875 88 87.875 88 88 87.375 87 86.75 86.5 86.875 86.0625 84.4375 84.125 85.0625 85 85 85 85 84.875 84.375 84.25 84.125 84
86.125 88.875 88.6875 89.0625 89.125 89.5 89.5625 89.6875 89.5625 89.9375 90.375 90.1875 90.625 91.75 92.25 92.6875 92.875 93 92.875 92.875 92.9375 93 93.1875 93.3125 93 93 92.9375 92.9375 92.875 93 93 93 93 92.4375 92.1875 92.0625 92 92 92 91.9375 91.1875 90.8125 90.625 89.4375 88.875 88.0625 87.4375 88.1875 87.5 88.0625 88.25 88.9375 88.5 88.25 88 88 87.875 87.4375 87.125 87 86.9375 86.25 85.5 84.125 83.8125 84.75 85.375 85.25 85.1875 85 85 85 84.4375 84 84
82.1875 85.9375 87.9375 88.3125 88.0625 88.875 88.75 88.3125 88.375 89.1875 90 90.25 90.9375 91.6875 91.5625 91.75 92.125 92.5625 92.75 92.875 92.625 92.375 93 93 92.4375 92.5625 92.1875 92.5 92.75 92.5 92.9375 93 92.8125 92.1875 92 91.625 91.3125 92 92 92 91.6875 90.875 90.25 89.75 88.6875 87.8125 88.625 88.6875 88.5625 88.1875 88 88.75 88.8125 88.125 88 87.6875 87.6875 87.75 87 87 86.6875 86.5 86.125 85.9375 85.5625 85.375 86 85.6875 85.5 85 84.375 84.75 84.6875 84.5 84.3125
