b_ap_r.asc
NCOLS 390 
NROWS 330 
XLLCORNER -114.008318537 
YLLCORNER 32.991665327 
CELLSIZE 0.0333547025948718 
NODATA_value -9999 
[rows 66 to 98 of 330, columns 75 to 149 of 390]
68.5 68.25 72.8125 77.6875 78.375 77.375 77 78 80.9375 82.375 84.375 85.8125 87 87.25 87.75 87.0625 86.875 84.75 86.1875 83.3125 84.125 85.6875 85.125 86.25 87.4375 87.0625 85.75 87.8125 88.125 87.8125 87.9375 90 90.3125 90.8125 91.8125 92.1875 92.9375 93 93.25 94 93.875 94 94.5625 95 95 95 95 94.9375 94.5625 94.9375 95 95.125 95 95 95 95 94.4375 93.875 93.5 93.9375 93.875 93.625 93.125 92.75 92.1875 91.625 92.6875 93.9375 94 93.125 92.625 92.625 92.625 91.5625 90
71.25 71.0625 72.1875 74.625 74.75 74.625 77.0625 79.25 81.5625 82.9375 85.25 86.375 87 87.1875 87.25 86.875 83.9375 84.875 85.5 82.875 82.5625 83.9375 85.1875 85.375 87.1875 86.9375 85.9375 88.875 88.8125 89.0625 89.625 90.0625 90.5625 91.5 91.875 92.1875 92.75 92.125 92.9375 93.5625 94 94.0625 94.125 95 95 95 95 95 95 95 94.875 95 95 95 95 95 94.3125 93.875 93.8125 94 93.8125 93.125 92.8125 91.9375 91.625 91.875 93.5 94 93.75 92.8125 92.125 93.625 93.875 93.1875 92.3125
71.75 71.9375 68.5 69 71.9375 73.125 78.4375 81.625 83.3125 84.125 85.75 86.5625 87 85.375 85.4375 87.125 85.625 85.625 85.25 82.3125 81.25 83.25 85.1875 86.125 86.3125 85.125 86.875 89.125 89.625 88.25 89.5 89.875 91.125 92 92 92.3125 92.5 92.4375 92.625 93.625 94 94.4375 94.5625 94.8125 95 95 95 95 95 95 95 95 95 95 95 95 94.1875 94 94 94 93.375 92.875 92.25 91.5 90.625 90.375 93 94 94 93.0625 92.5625 93.9375 94 94 93.5
69.4375 67.5625 64.875 66.5 68.25 73.125 78.6875 81.5625 83.4375 84.6875 86 86.875 84.5 81.625 85.375 86.125 85.125 83.3125 81.8125 82.0625 83.5625 84.625 84.625 85 85.125 85.4375 87.75 89.5625 89.875 88.9375 90.1875 90.9375 91.75 92 92.4375 92.875 93 93.1875 93.5625 93.625 94 94 94.5625 94.9375 94.75 94.875 95 95 95 94.875 95 95 95 94.9375 95 94.9375 94.375 94 93.9375 93.6875 93 92.8125 92.4375 91.6875 91.125 90.3125 91.5 94 94 93.5 92.875 93.9375 94 94 94
68.375 65.9375 63.8125 65 69.875 74.75 78.625 80.3125 83.25 85.3125 86.3125 84.4375 77.8125 81.375 85.9375 83.8125 81.375 79.75 79.5 81.75 83.875 85.1875 86.1875 86.875 86.75 85.9375 88.0625 89.875 89.75 88.8125 89.8125 90.625 91.75 92.0625 92.6875 93 93.3125 93.9375 93.75 94 94 94 94.5625 94.9375 94.5 94.75 95 95 95 95 95 95 95 94.3125 94 94.5 94.8125 94.25 94.1875 93.5625 92.9375 92.4375 91.625 90.6875 90 89.75 90.9375 94 94 93.4375 92.75 93.875 94 94 94
66 61.3125 58.875 65.9375 72.625 76.9375 79.3125 81.5625 82.5 85.1875 86.6875 82.6875 82.8125 85.6875 85.625 81.9375 80.875 78.4375 79.5625 82.0625 84.1875 85.0625 86.0625 87.5 87.375 86.5625 88.375 89.6875 90.25 90.0625 90.8125 91.0625 91.875 92.6875 93 93 93.375 94 93.9375 94 94.125 94.75 95 95 95 95 95 95 95 95 95 95 95 94.9375 94.125 93.6875 94 94.25 94.125 93.1875 92.8125 92.75 92.125 91.0625 89.875 89.1875 91 94 94 93.5625 93.25 94 93.9375 94 93.9375
62.1875 58.875 59.125 69.4375 73.625 76.75 78.1875 79.5625 80.9375 84.875 86.6875 85.375 85.6875 87.4375 86.125 84.6875 85 79 78.5 81.375 83.25 84.875 85.5625 86.3125 88 89.0625 89.375 90.4375 90.8125 91.0625 91.1875 91.6875 92 93 93 93.125 93.25 94 93.6875 94 94.0625 94.875 94.9375 95 95 95 95 95 94.8125 94.5 95 94.5 94.75 94.9375 94.875 94.0625 93.375 93.4375 94.0625 93.875 93.1875 92.6875 91.8125 90.625 89.5 89.75 93.1875 94 93.9375 93.75 93.5625 93.9375 93.8125 93.4375 93.3125
61.6875 58.1875 62 68.125 69.5625 74.0625 74.8125 78.5 81.8125 84.625 86.6875 86.3125 86.875 87.9375 86.25 86.9375 86.75 83.75 80.625 81.0625 83.875 82.8125 84.4375 85.875 87.25 89.4375 90.125 90.25 90 91 91.4375 91.75 92.5 92.9375 92.875 93 93.625 94 94 94 94 94.0625 94.875 95 95 95 95 94.9375 94.25 94.125 94.8125 94.5625 94.5625 94.75 94.875 94.3125 94 93.625 93.625 93.6875 93.4375 92.5 91.625 91.3125 92.375 93.375 93.875 93.5 93.0625 92.5625 92.5 92.5625 93.375 93.5 93
54.375 56.9375 64.125 66.1875 69.9375 73 76.3125 78.25 82 84.625 86.375 87 87.3125 87.625 87.4375 87.75 87.8125 86.8125 80.75 80.25 81.8125 83.1875 85.375 87.125 88.125 89.375 90.25 89.125 89.5 90.5625 90.5625 91.25 92.125 92.375 92.5 93 93 93.0625 93.5625 94 94 94 94.375 94.3125 94 94.25 94.1875 94.4375 94.5 94.1875 94.4375 94.3125 94.5625 94.75 94.5625 94 93.9375 93.375 92.9375 92.9375 93.0625 93.9375 93.5625 92.6875 92.9375 92.4375 93.125 93.0625 92.25 92.4375 92.5 92.625 93 92.9375 92.875
52.1875 56.4375 63.3125 64.875 68.875 72.5625 75.75 79.5 80.75 84.0625 85.9375 86.4375 87 86.75 87.4375 86.5625 83.3125 84.9375 83.6875 80.875 84.0625 85.0625 85.5625 86.375 87.1875 89.3125 90.0625 87.875 89.0625 89.625 90.5625 91.375 92 92.0625 92.625 92.5625 92.875 93 93.75 94 94 93.875 94 93.75 93.0625 93.5625 94 94 94 94 94 94 93.75 93.6875 94 94 93.4375 93 92.6875 91.9375 91.6875 92.4375 93.625 93.1875 91.75 91.4375 92.75 92.25 91.8125 91.3125 91.3125 91.9375 91.4375 91.375 92.0625
51.9375 58.9375 62.6875 67.1875 69.6875 70.3125 73.5625 77.125 80.25 83.6875 85.1875 85.875 86.5625 86.6875 86.5625 87 83.6875 84 80.0625 80.5625 82.5625 84.5625 86 87.875 88.3125 89.1875 89.5625 88.625 89.8125 90.0625 90.6875 91.25 92 91.9375 92 92.625 93 93 93.4375 93.9375 94 93.4375 93.375 93 93.1875 93.75 93.4375 94 94 94 94 94 93.9375 93.9375 93.6875 93.75 93.9375 93.0625 92.25 91.0625 90.8125 91.25 92.25 93.0625 91.625 91.3125 92 92 91.125 90.0625 88.25 87.75 85.6875 89.3125 91.5
53 56.75 61.25 64.4375 61.625 66.875 72.8125 77 80.9375 83.5 84.1875 85.0625 86 86 86.5625 86.6875 84.125 82.625 78.6875 81.375 82.6875 84.5 85.375 85.625 87.5 88.9375 89.125 89.75 90.5 90.6875 91.0625 91.4375 91.3125 91.5 91.75 92.25 93 93 93.0625 93.625 93.9375 93.25 92.4375 93 92.75 93 93.125 93.5625 94 94 94 94 94 93.875 93.125 93.1875 93.6875 92.6875 91.625 91.3125 92.0625 92.0625 92.9375 92.625 92.3125 91.25 91.25 91.875 90.75 89.4375 86.5625 84.25 85.375 86.8125 88.875
55.5625 54.6875 56.8125 58.25 60.1875 66.375 71.25 77 80.9375 82.4375 83.375 84.4375 85.25 85.3125 86.0625 84.875 85.5 81.0625 78.3125 81.0625 81.625 82.8125 84.125 86.3125 88.4375 88.375 88 89.75 89.75 89.875 90.5625 90.5 90.0625 90.125 91.75 92.125 93 93 93 93.5 93.125 92.9375 92.0625 92 92 92.4375 92.5 92.5 93.5625 93.875 94 94 93.8125 93.625 93.6875 93.0625 93.4375 93.0625 92.1875 91.25 91.25 92 92.1875 90.5 90.4375 91.3125 89.875 91.1875 90.3125 87.5625 87.5625 87.3125 87.75 87.75 88.3125
57.4375 55.4375 56.375 59.1875 62.875 65.5 70.9375 76.8125 80.6875 81.25 82.5 83.4375 83.625 83.0625 85.1875 85.0625 84.875 79.8125 77.3125 81.5 80.5625 83.0625 84.75 87.25 88.5 86.6875 88.6875 89.125 89 89.125 88.75 89.125 90.125 90.9375 91.9375 92 92.75 92.875 93 93 93 92.9375 91.8125 91.4375 91.875 92.1875 92.4375 92.8125 93 93.1875 93.4375 93.375 93 93 93 93 92.5 92.875 92.8125 91.9375 91.5625 92.4375 91.9375 90.8125 90.4375 90.8125 89.5 89.75 90.125 88.0625 87.5625 88.0625 89.125 89.375 90.3125
58.25 56 59.375 61.625 65.9375 67.75 69.4375 75.6875 79.5 79.6875 81 81.875 81.125 81.5625 84.4375 84.625 84.3125 84.5625 83 81.8125 81.1875 82.6875 84.5 87.3125 86.375 86.4375 88.5625 88.625 87.375 86.875 87.875 89.25 90.5625 91.125 91.4375 91.375 92 92.1875 92.9375 93 92.625 92.1875 92 92.0625 92.1875 92.9375 93 93 93 93 93 93 93 93 93 92.5 92.6875 92.9375 92.9375 92.625 92.5 92.125 90.3125 88.875 88.5625 88.8125 88.625 88.125 88.875 88.0625 87.4375 87.0625 87.6875 88.75 89.8125
61.4375 57.375 59.0625 65.5 65.5 70.625 71 74.1875 76.5 77.75 80.0625 79.9375 80.375 80.9375 82.875 84.8125 85.1875 84.875 83.25 82.9375 82 82.4375 84.1875 85.25 84.25 87.1875 88.3125 88.125 86.0625 85.875 86.6875 88.4375 90 90.1875 90.625 91 92 92 92.75 92.1875 91.875 91.9375 92 92.0625 92.4375 92.9375 92.75 92.8125 92.6875 92.5 92.5625 93 92.75 92.6875 92.875 92.4375 92.4375 92.125 92.6875 92.5 91.3125 91.375 90.875 90 88.875 89.6875 89.4375 88.9375 87.125 87.4375 86.625 86.25 86.8125 88.375 88.875
58.8125 58.9375 59.6875 66.1875 70.0625 69.9375 70.3125 73.25 74.1875 76.5625 78.5 79.75 81.125 82 83 84.0625 83.125 84.5625 83.9375 83.1875 82.1875 81.6875 83.5625 83.6875 85.375 85.8125 87.375 85.8125 84.125 84.5625 86.9375 88.0625 88.9375 89.625 89.6875 91 91.5625 92 91.9375 91.625 91 91.4375 91.8125 91.8125 91.75 92 91.875 91.1875 91.625 92 92 92 92 92 92 92.375 92.8125 92.6875 92.6875 91.75 90.625 90.125 89.6875 88.375 86.8125 87.4375 88.3125 88.625 87.875 85.625 86.4375 85.1875 86.8125 88.5 88.75
55.9375 63.9375 62.375 68.4375 71 66.5625 69.5625 70.375 73.0625 75.875 78.1875 79.125 80.5625 80.0625 82.3125 82.625 80.6875 82.4375 83.9375 83.6875 80.875 81 82.5 83.875 83.75 85.4375 86.1875 85.625 83.9375 83.5625 85.75 87 87.9375 88.625 88.6875 90.6875 90.6875 90.6875 90.6875 90.375 90.1875 90.6875 91 91 90.5 90.375 90.3125 88.1875 90 91.4375 91.9375 91.75 91.1875 91.25 91.25 92 92.125 92.5625 92 91.4375 90.125 89.25 88.875 88.3125 87.1875 86 86.5 87.375 87.875 85.4375 83.4375 82.75 84.125 87 86
62 63.625 68.9375 71.5 70.0625 70 70.4375 71.6875 72.5625 75.25 77.5625 79.5625 79.0625 79.3125 79.5625 79.5625 80.25 80.125 82.375 82.5625 81 81.125 80.8125 82.4375 84.0625 84.1875 84 84.125 81.3125 83.375 84.875 85.875 86.875 86.875 88.25 89 88.5 88.9375 89.1875 89.6875 88.9375 89.375 90 90.3125 89.875 88.25 86 87.6875 90 90.3125 90.3125 90.125 89.375 88.875 88.75 90.8125 91.25 91.875 91.9375 91.5 90.1875 89.5 88.4375 86.75 86.0625 84.625 83.875 85.5625 86.6875 85.75 81.625 82.375 84.6875 85.75 85.4375
65.5625 68.5 70.6875 67.3125 65 66.375 67.8125 68.6875 71.8125 76.4375 79.3125 80.0625 78.25 78.5 79.0625 79.25 80.6875 81.1875 81 81.4375 82.375 81.6875 81.625 81.6875 81.875 82.3125 81.3125 79.5625 80.0625 82.125 82 83.375 84.75 84.5625 84.375 84.4375 85.125 86.4375 88.125 88.625 87.4375 84.375 87.6875 88 86.9375 83.375 84.3125 85.6875 89.4375 90 90 89.8125 87.6875 88.4375 89.75 90.0625 90.875 91 91.125 90.9375 90.0625 89.4375 88.125 87 85.5625 83.25 82.125 81.1875 84.375 85.8125 85.25 85 85.125 85.875 85.4375
68.5 67.375 64.4375 62.125 61.5 65.4375 70.375 70.6875 73.875 78 79.125 78.3125 75.75 76.875 78.3125 78.625 78.75 79.0625 79.5 79.25 81.125 81.125 81.25 79.5 79.5625 78.8125 76.875 75.8125 78.25 78.375 79.625 81.4375 82.375 81.8125 81.5625 82 83.125 85.5625 84.4375 86 87.0625 84.8125 86.125 84.9375 82 81.5625 81.9375 86.375 89.6875 89.9375 90.125 89.625 88.125 88.875 90 90.375 90.9375 91 91 90.8125 89.6875 88.0625 87.4375 86.4375 85.125 81.875 80.125 78.4375 81.875 84.25 85.9375 85.25 85.5 85.375 84.875
68.3125 64.375 60.1875 59.0625 63.25 70.5 71.75 74.6875 76.5625 75.8125 77.0625 73.375 71.8125 74.375 76.75 77.8125 77.625 78.1875 77.5 78.125 79.0625 78.375 77.5625 76.25 77.4375 75.9375 72.625 73.1875 75.8125 75.125 77.6875 79.0625 79.125 78.75 77.625 78.0625 81.25 79.3125 79.4375 84.75 86.375 86.5 84.875 81.3125 82.9375 84.375 86.6875 88.875 89.5625 89.625 90.125 90.375 89.4375 89.5625 90 90 90.5 91 91 90.75 89.1875 88 87.125 86.125 84.4375 81.375 77.6875 81.8125 85.75 87.375 87.8125 87.6875 86.125 83.25 82.1875
68.125 65.25 57.5625 63.875 64.625 73.25 73.0625 71.875 72.9375 71.8125 70.25 69.5625 66.75 72.875 75.6875 76.5 76.5 76.8125 77 76.9375 76.875 74.75 74.375 73.3125 72.375 72.875 70.5 71.3125 71.5 70.8125 74.6875 73.3125 71.0625 75.25 74.125 73.125 75.125 78.375 83 84.6875 85.875 86.625 87.1875 87.625 88 88.875 89.3125 89.6875 89.9375 89.9375 90.0625 90.4375 90.5625 90.375 89.5 89.625 90.4375 90.75 90.5625 89.0625 87.8125 86.9375 86.4375 86.1875 85.8125 84.625 83.75 85.625 87 87.6875 86.3125 86.1875 86.0625 83.75 78.3125
69.8125 67.1875 61.8125 67.375 70.4375 67.9375 65.75 65.1875 70.6875 71.8125 70.0625 61.25 66.4375 74.3125 76.3125 72.875 75.25 75.3125 75.25 75.4375 72.5 68.9375 66.0625 65 64.8125 66.625 66.625 69.6875 67.25 64.4375 70.5 69 68.6875 70.9375 69.3125 69.8125 72.5 78.3125 81 82.875 83.875 83.125 84.3125 85.5625 87.25 87.9375 87.875 87.1875 87.5625 88.25 88.9375 89.375 89.1875 90.0625 90.6875 90.25 89.4375 90.125 90 89.0625 88 87.6875 87.5625 86.9375 86.5 84.75 83.1875 85.875 87.6875 86.5 82.8125 81.5 82.5625 82 78.4375
67.0625 69.625 69.375 69.0625 66.375 68.375 65.3125 67.625 73.3125 69.875 62.1875 63.375 72.5 74.8125 74.75 73.1875 71.5625 69.375 70.625 73.1875 70.4375 66.875 62.125 55.25 57.625 58.4375 61.5625 68.125 63.25 61.6875 66.6875 65.125 64.8125 67.9375 65.9375 71.0625 74 76.0625 78.875 80.4375 81.5 81.375 80.75 81.875 84.3125 85.5 83.875 77.875 79.375 85.5 88.0625 88.4375 89.3125 90.375 90.75 90.8125 90.5 90.125 90 89.6875 88.875 87.9375 87.0625 86.5 86 84.1875 85 86.8125 88.25 87.125 85.375 84.125 79.5 79.1875 77.875
63.625 63.4375 70.9375 72.5 69.9375 64.75 68.9375 72.6875 72.3125 73.8125 71.1875 73.5625 70.8125 67.5 67.625 68.1875 65.4375 61.625 62.4375 69.125 70.75 68.6875 63.9375 60.1875 55.25 55.8125 60.5 66.75 64.125 59.9375 62.75 62.4375 62.75 65.375 64.0625 69.4375 67.8125 66.8125 73.875 76.25 77.375 72.875 74.75 77.75 80.0625 81 78.8125 75.1875 79.5625 84.9375 85.4375 86.125 88.9375 89.75 89.25 89.25 89.1875 88.625 88.3125 87.5625 87 86.9375 86.625 86 84.625 83.25 84.0625 84.5625 87.375 85 85.5625 83.9375 81.8125 78.0625 77.1875
58.5 62.25 69.3125 72.9375 72 71.4375 71.5625 72.5 72.625 71.4375 71.1875 70.0625 68.25 64.5 57.125 54.3125 55.75 58.8125 63.5 65.5 67.5625 65.3125 62.8125 59.25 53.8125 58.1875 62.0625 62 62.375 59.6875 59.0625 58.3125 60.4375 61.4375 59.125 64.9375 63.6875 66.3125 67.6875 68.5 68.6875 68.75 71.25 70.3125 69.75 71.4375 72.125 75.3125 77.6875 77.5625 79.125 84.4375 83.6875 86.625 88.4375 89 89.6875 85.5 85 87.1875 88.0625 87.75 87.75 86.5625 87.4375 87.6875 88 87.6875 88.8125 89 89.5625 88.0625 86.25 83.8125 81.625
48.625 57 64.75 72.375 69.4375 62.5625 64.0625 63.9375 70.25 69 61.1875 59.125 57.75 57.625 50 45.8125 51.4375 57.25 59.4375 60.6875 64.5 62.1875 53.6875 52.1875 51.4375 56.875 51.75 55.8125 56.75 56.0625 51.6875 54.5625 58.1875 54.625 58.4375 55.25 56.375 58.5 59.8125 55.1875 58 62.1875 65.3125 65.125 64.875 67.8125 70.875 72.9375 76.0625 77.5625 78.75 79.375 80.25 82 84.4375 83.4375 84.9375 86.875 85.75 85.75 85.375 85.5 85.4375 84.6875 84.1875 86.3125 86.875 85.6875 88 90.375 91.375 91 90.0625 89.6875 88.5625
36.625 42.3125 61.4375 71.0625 66.125 60.125 57.625 56.1875 62.375 65.625 56.5 48.1875 46.8125 46.5625 45.125 44.9375 50.0625 54.3125 53.6875 58.6875 62 55.375 56.8125 52.6875 46.3125 54 46.0625 48.5 55.125 53.6875 44 53.9375 46.875 52.5 45.875 47 50.125 47.1875 55.25 47.625 49.3125 55.6875 60.0625 57.3125 60.4375 62.0625 63.9375 66.3125 70.9375 74.3125 77.8125 79.0625 80.1875 81.0625 81.6875 82.375 80.6875 80.75 80.9375 77 76.5625 81.6875 78.375 77.25 79.25 78.4375 80.25 82.9375 82.1875 85.875 89.375 91 90.75 91.25 91
44.875 55.125 65.75 69.875 64.375 55 46.875 44.1875 53.75 60.25 52.625 48 48.3125 57.3125 57.5 52.875 45.25 49.1875 51.875 56.0625 53.9375 55.1875 45.5625 52.1875 44.9375 50.25 37.75 48.6875 45.6875 49.9375 40.25 49.875 41.9375 49.625 39.4375 40.3125 42.9375 43.8125 45.875 45.4375 48.5 45.9375 48.1875 46.1875 52.3125 51.0625 54.3125 56.9375 63.5 68.3125 71.1875 71.8125 72.3125 70.4375 70.375 72.25 68.0625 69.0625 70.125 70.5625 73.75 79.6875 77.125 76.125 80.1875 79.3125 80.5 81.0625 80.4375 81.25 83.25 86.875 86.375 87.125 90
52.125 59.125 62.375 67.5 64.6875 58.125 52.625 52.0625 57.6875 63 63.1875 59.375 59.1875 49.3125 50.75 61 50.8125 46.3125 50.5 44.875 43.75 52.25 39.625 45.75 43.375 46.5625 38.5625 47.1875 41.125 45.5 39.5625 40.75 40.875 41.5 39.4375 45 51.0625 53.125 57.0625 54.625 53 48.75 49.0625 52.875 57.125 56.5 56 51.5 52.75 58.9375 58.8125 61.25 65.8125 65.8125 65.625 67.1875 68.875 69.0625 72.4375 71.9375 74.625 78.625 74.6875 75.9375 81 79.8125 81.4375 79.125 81.375 81.75 82.875 82.375 84.9375 82.875 84.3125
58.1875 57.5625 60.1875 65.625 66.1875 59.875 60.875 60.875 61 60.3125 49 44 56.125 43.375 44.875 51.8125 50.875 42.4375 45.25 42.75 43.25 47.5625 40.0625 41.125 40.875 43.125 42.25 39.5625 41 43.8125 41.5625 42.875 46.75 44 37.25 45 46.6875 51.375 56.25 60.875 50.25 48.375 55.75 53.375 59.4375 61.3125 51.75 55.4375 52.125 53.6875 56.9375 60.0625 64.75 67.75 69.5625 70.125 70.75 68.9375 71.5625 73.25 74.6875 76.9375 76.0625 75.9375 79.8125 81.25 80.4375 81.375 81.875 81.5 82.5625 83.625 81.9375 79.375 80.5625
57.875 58 59.1875 60.5 64 67.875 68.0625 66.1875 49.125 43.875 49.1875 45.75 48 45.3125 39 43.375 42.375 44.3125 44 44.375 40.8125 40.25 42.6875 46.875 45 41.4375 43.875 48.75 50.0625 45.8125 42.125 49.125 52.0625 44.5625 44.6875 40.8125 42.0625 51.625 56.4375 65.625 54.75 49.1875 48.625 58.8125 65.9375 58.25 52.125 58.8125 59.1875 55.9375 50.875 60.9375 64.75 66.6875 70.25 70.75 70.6875 72.375 72.4375 76.1875 76.75 78.375 79.0625 79.125 79.1875 80 78.6875 80.3125 80.875 82.5 83 82.9375 80.875 77.25 82.4375
