b_evi_r.asc
NCOLS 390 
NROWS 330 
XLLCORNER -114.010556502 
YLLCORNER 32.986236949 
CELLSIZE 0.0333547025948718 
NODATA_value -9999 
[rows 224 to 255 of 330, columns 0 to 70 of 390]
84.8125 85.3125 85.875 86.4375 86.1875 86.375 84.625 80.875 80.125 80.125 77.5625 73.4375 76.25 77.625 78.8125 81.375 81.625 81.5 81.5625 80.5 78.0625 72.9375 76.3125 75.25 73.75 77.4375 80.875 78.9375 78.625 77.5 79.125 78.5 81.6875 81 81.1875 81.5625 80.25 78.8125 78.4375 80.0625 80.8125 82.125 81.0625 80.8125 78.4375 69.9375 64.5 61.625 59.75 49.5 45.1875 44.9375 45.6875 47.375 48.5625 47.5 48.8125 51.625 60.6875 74.125 80.4375 81.5625 82.5 83.3125 83.3125 82.9375 83.125 84.375 84.6875 84.75 84.25
85 86.125 85.75 85.5625 85.25 85.5625 83.5625 79 72.875 73.4375 75.3125 74.625 75.375 76.5 79.25 81.25 80.4375 80.5 80.875 79.9375 79.625 73 76.0625 74.75 73.8125 69.25 72.8125 72.5625 76.5625 78.0625 75.8125 78.375 79.5 80 81.375 81.625 79.5625 78.5 76.875 77.4375 79.875 79.875 80.75 79.5 72.4375 64.6875 63.0625 61.625 58.0625 50.9375 47.5 46.25 49.125 47.1875 51.5 49.5625 56.125 52 55.8125 63.5625 77.0625 78.6875 81.5 82.8125 81.8125 82.75 83.4375 83.5 83.375 84.1875 83.25
85.8125 87 86.8125 86.6875 85.8125 85.625 83.1875 78.375 67.8125 66.9375 72.4375 74.6875 75.9375 76.6875 78.6875 79.0625 78.6875 77.3125 80.8125 80.9375 80.6875 75.625 76.375 73.0625 75.25 69.5625 69.6875 74.125 77.25 75.25 75.1875 77.0625 78.9375 78.75 78.75 80.75 79.9375 78.125 77.5 78.4375 80 80.25 81.875 77.1875 78.625 76 71.25 57.9375 55.875 53.25 50.125 49.1875 53.75 52.625 51.75 50.6875 52.6875 53.9375 57.875 72.4375 75.875 79.25 80.75 81.4375 82.4375 82.0625 81.8125 82.5 82.4375 83.125 84.8125
86.375 87.1875 87.4375 85.875 85.375 84.8125 83 79.0625 66.5 63.625 67.6875 73.1875 75.1875 71.1875 67.8125 70.4375 77.1875 79.6875 79.5625 80.375 80.1875 73.75 72.8125 71.6875 69.625 64 56.75 68.8125 77.1875 77 76.5625 74.375 75.9375 76.9375 77.25 78.5 80.25 78.25 77.5625 75.375 77.8125 79.4375 81.75 80 79.8125 78.3125 78.9375 74.8125 66.0625 53.75 49.9375 48.3125 49.125 53.5625 53.5 53.625 54.625 51.6875 56.6875 68.4375 73.4375 78.3125 80.5 81.8125 82.1875 81.625 83.5 84.25 84.375 83.875 84.875
87.1875 87.5 86.875 85.625 85.4375 84.5625 81.875 80 77.0625 62.875 70.4375 73.25 74.625 74.625 69 67.6875 75.5 79.1875 80.9375 79.9375 81 72.5625 63 56.75 55.5625 63.5 60.3125 69.375 76.8125 75.5625 73.625 74.0625 76.125 79.1875 76.25 75.6875 76 78.9375 79.9375 80.25 82.4375 81.6875 81.1875 79.875 79.1875 80.1875 81.1875 76.8125 69.9375 59.6875 48.75 50.4375 48 50 50.6875 53.0625 56.375 49.375 47.875 57.5625 61.4375 71.1875 77.5 81.1875 80.75 81.8125 83.375 84.125 83.625 82.75 82.9375
88.125 86.8125 86.375 85.875 85.25 84.1875 81.625 79.375 76.5625 68.5 71.6875 73.6875 75.3125 77.6875 77.5625 78.375 79.1875 78.125 79.25 78.6875 79.4375 76.9375 65.5625 60.625 53 58.375 66.5 70.375 78.5625 73.8125 73.3125 73.9375 77.6875 81.25 79.0625 75.3125 76.25 80.6875 82.25 82.125 82.8125 81.9375 80.5625 76.6875 75.5 74.875 83.5 77.375 67.625 48.5625 48.0625 47.5625 50.6875 47.875 50.5625 52.75 55.75 52.4375 48.8125 50.25 54.4375 64.125 72.1875 77.125 80.625 81.25 82.4375 83.0625 83.0625 83.125 83.3125
87.8125 86.9375 86.375 85.5625 85.6875 83.5625 82.25 80.875 80.8125 76.4375 74.4375 74.4375 76 73.375 77.6875 78.375 77.9375 77.75 77.3125 78.125 77.4375 77.0625 76.5625 71.25 65.4375 61.5 66.6875 78 79.3125 73 72.3125 74.9375 80.25 81 81.25 77.0625 81.1875 82.3125 82.5625 81.875 81.5 82.1875 78.4375 77.375 78.9375 82.875 80.5625 74.9375 62.8125 54.3125 53.3125 57.4375 51.75 48.1875 55.8125 57.375 52.6875 52.5 50.75 42.25 51.375 58.125 66.25 77.75 82.3125 80.625 81.25 81.9375 82.375 83.625 83.625
87.3125 86.125 86.6875 85.125 84.8125 83.9375 81.3125 80.125 79.0625 76.4375 75.3125 75.75 77.9375 74.75 75.625 76.3125 68.5625 77.75 76.5 79.1875 79.625 79 79.1875 79.4375 64.125 52.4375 68.625 80.9375 79 75.375 75.875 78.8125 80.875 82.25 82.0625 82.4375 81.5625 80.5625 81.0625 82.625 80 80.3125 79.625 77.75 80.3125 82 77.8125 68.625 67.6875 67.875 73.8125 72.5 65.75 52.125 51.5625 52.3125 47.3125 49.25 51.25 48.9375 58.0625 63.875 74.125 81.25 82 82.3125 81.125 82.125 83.1875 84.4375 84.4375
86.3125 86.375 87.375 86.125 84.375 83.375 81.6875 81.375 75.625 72.3125 75.1875 75.9375 78.625 75.6875 72.1875 71.625 73.875 77.25 77.5 77.1875 80.5 80.75 80 81.875 69.5625 61.625 73.25 81.375 80.875 81.1875 81.625 82.5625 81.5625 81.4375 80.8125 80.0625 80.625 81.75 81.3125 79.625 82.375 79.9375 77.875 76.5 79.9375 82.3125 82.0625 81.375 83.4375 81.375 81.25 77.9375 68.375 54.3125 52.625 51.25 49.25 52.5625 55.5625 57.3125 54.1875 63.5625 67.6875 77.5625 80.75 81.875 81.375 82.5625 84.625 85.4375 86.3125
82.9375 87.3125 87.9375 85.375 83 81.375 81.375 80.625 76.0625 69.625 73.375 76.3125 75.125 71.75 71.875 70.375 69.8125 79.5625 81.5625 79.75 80.6875 82.0625 81 81.875 77.375 75.3125 80.4375 83 82.75 80.5625 81.8125 82.5625 80.1875 81.8125 80.875 81.0625 81.5 81.4375 83 77.6875 84.25 82.625 81.5 77 75.1875 75.0625 81.25 84.1875 80.5625 79.125 82.8125 77.1875 65 58.3125 61.125 60.9375 51.5 53.4375 54.6875 60.5625 56.75 57 62.4375 71.8125 78.1875 81.5 84.75 83 84.8125 84.1875 86
87.4375 89.5625 87.6875 84.4375 81.5625 81.1875 73.125 75.25 71.3125 69.5 72.6875 75.5625 71.875 67.625 67 65.5625 64.5625 77.3125 81.8125 82.4375 82.625 81.875 83 81.8125 81.6875 83 83.9375 83.8125 81.3125 76.5625 79.25 79.6875 79.4375 80.6875 81.8125 82.25 82.6875 82.875 83.0625 82.3125 81.9375 82.375 81.25 79.0625 75 72.3125 78.1875 79.875 73.0625 71.25 82.0625 82 79.75 76.125 76.8125 69.0625 58.875 59.25 68.8125 69.5625 52.25 49.875 58.875 72.625 82.6875 84.5 84.4375 82.8125 83.875 84.3125 85.5
88.8125 87.9375 86.8125 83.75 81.1875 81.4375 79.9375 72.5 68.25 72.1875 72.375 72.25 68.8125 69.1875 69.25 70.6875 67.625 68.6875 78.0625 80 80.4375 81.375 81.875 82.0625 83.125 81.6875 79.6875 80.875 79.8125 74.75 80.0625 78.5625 81 81.875 80.6875 81.875 82.5625 82.875 83.375 83.375 81.25 83.0625 84.4375 83.3125 78.6875 75.4375 75.3125 74.0625 69.75 69.4375 79.5625 83 83.25 82 78.375 75.625 75.875 75.4375 77.9375 74 66.4375 57.3125 61.4375 74.75 83.75 85.6875 83.125 82.5625 83.8125 85 85.5625
89.875 88.4375 87 83.125 83.0625 82.6875 80.875 77.6875 73.75 71.8125 70.6875 71.9375 69.4375 67.625 66.1875 71.25 68 65.125 74.375 79.625 80.25 81.5 81.5 82.4375 82.8125 79.875 74.625 77.625 76.5 74.0625 79.75 79.0625 80.625 81.5625 81.25 81.9375 82.1875 82.875 83.5625 83.1875 81.9375 81.3125 82.5625 82.1875 80.1875 78.1875 78.1875 74.6875 72.125 70.1875 72.125 76.1875 80.25 85.0625 81.875 83 82.125 81.8125 80.0625 80.3125 77.875 73.375 75.8125 81.375 86.5625 87.4375 84.5625 82.625 84.0625 84.3125 86.875
87.0625 85.8125 83.6875 85.5 84.125 83.1875 82.8125 80.875 81.1875 78.25 76.25 70.3125 70.75 68.1875 66.375 68.75 64.9375 68.5 72 79.125 81.875 79.5625 81.3125 81.125 75.625 75.375 71.0625 75 74.5625 77.25 75 75.875 78.6875 80.3125 80.625 81.75 81.75 82.125 83.3125 82.5 81.9375 81.5625 82.25 83.6875 82.0625 81.3125 79.75 77.625 75.3125 72.8125 71.0625 68.75 73.0625 77.25 81.3125 81.5 79.375 82.5625 82.25 83.6875 81.25 79.8125 81.4375 86.375 87.625 86.5625 80.8125 82.0625 84.25 84.0625 84.5625
86.0625 84.25 81.875 84.875 84.75 87.0625 84.25 82.3125 80.875 81.3125 80.0625 73.75 74.4375 75.375 69.625 72.625 68.0625 70.6875 76.375 81.6875 81.1875 79.0625 78.25 77.9375 67.25 66.4375 71.875 74.625 75.0625 73.75 74.5625 76 78.8125 80.3125 80.75 81.25 80.8125 82.375 82.625 81.5 81.75 82.0625 82.25 83.875 83.625 80.5625 79.125 78.3125 75.9375 74.6875 73.8125 71.75 68.625 70.875 67.5625 67.9375 67.0625 65.4375 70.125 80.125 83.4375 83.875 84.5625 87.875 82.375 77.625 74.75 79.8125 83.9375 83.3125 84.875
85.375 83.625 82.4375 82.5 82.0625 82.375 84.75 81.375 80.3125 82.1875 81.3125 75.0625 76.6875 78.75 75.5 76.3125 69.75 73 78.875 82.375 82.75 76.6875 72 72.1875 65.5625 68.125 74.875 71.6875 71.0625 73.6875 74.8125 76.625 79.125 79.875 80.375 80.5625 81.375 81.9375 81.875 81.0625 81 80.375 81 82.5625 81.9375 80.4375 80.75 80.1875 78.4375 76.625 77.875 77 75.875 69.6875 67.9375 65.625 66.0625 60.75 63.1875 72.0625 74.1875 78.375 78.125 73 67.8125 66.3125 71.0625 77.25 83.375 82.9375 84.625
85.875 83.9375 83.5 84.0625 83.3125 83.5 83.6875 85.75 82.625 81.125 80.5 77.1875 80.375 79.5625 77.5 74.125 68.125 71.3125 78.5625 82.75 84.625 81.5625 78.0625 75 67.75 67.8125 69.8125 67.25 71.9375 73.3125 74.3125 76.6875 78.5625 80.625 79.625 80.375 80.5 81.25 81.375 81.125 79.5625 80.3125 80.625 82 82.25 81.875 80.5625 79.3125 79.75 77.8125 77.375 76.75 74.4375 69.5625 68.5 68 68 63.5625 60 59.0625 57.75 63.3125 62.6875 65.9375 63.9375 64.5625 73.1875 75.6875 80.5 82.0625 84.25
83.4375 79.9375 81.25 81.9375 82.1875 83.25 84.125 85.125 87 81.625 81 80.875 80.0625 79.5625 70.9375 67.5625 66.1875 73.5 75.6875 79.8125 83.1875 82.4375 80 76 70.375 68.75 68.75 61.125 68.8125 73 73.1875 76 80.75 79.9375 79.0625 80.125 80.5 80.1875 79.9375 79.9375 79.0625 80 80.75 82 81.9375 81.625 80.0625 80.125 80.4375 80.3125 76.625 77.1875 75.75 69.625 69.1875 70.625 66.6875 65.3125 62.625 61.4375 60.375 60.4375 60.625 63.375 68 71.75 74.6875 78.3125 79.0625 80.5625 81.8125
81.3125 80.6875 80.75 79.3125 80.1875 79.5625 79.8125 80.1875 83.6875 82.0625 80.6875 81.0625 79.4375 80.25 77.3125 72.375 65.75 67.75 72.0625 80.3125 83.5 81.25 77.875 69.5625 63.8125 66.4375 65.25 57.25 65.1875 73.25 73.125 75.75 80.5 79.125 78.9375 80.1875 81.625 79.5 79.6875 79.0625 78.6875 79.9375 79.6875 81.5625 82.375 81.75 81.3125 82.9375 82.3125 80.75 79.125 79 76.625 69 67.5 69.6875 66.75 65.4375 66.3125 63 61.0625 58.375 62.8125 61.0625 67.625 65.3125 71.5 74.125 72.5625 73.5625 75.125
81.9375 82.4375 81 76.0625 77.375 78.6875 78.5 83.125 86.375 86.8125 82.9375 82.625 79.875 79.0625 80 80.4375 77.375 68.875 78.25 80.25 82.9375 82.8125 77.875 61.5625 61.125 60.3125 56.875 58.375 68.8125 73.25 72.125 74.3125 79.125 77.9375 77.8125 79.875 79.5 79.8125 80.0625 80.625 80.5625 79.5625 80.875 81.5 81.5625 81.375 80.8125 82.25 82.8125 82.875 81.125 80.625 79.3125 77 71.6875 69.4375 69.9375 64.75 67 64.8125 61.9375 61.375 62.6875 62.5625 58.625 54.75 68.1875 68.875 72.1875 77.9375 80.6875
72.4375 74.5 75 74.375 75.5625 76.8125 79.625 81.5625 82.75 82.0625 88.6875 84.9375 84.375 82.0625 79.5 79.625 73.6875 70.25 78.9375 81 84.125 82.625 76.0625 59.5 67.25 59.1875 57.875 62.375 64.5 65.5 70.8125 75.625 79.25 77.8125 78.3125 79.5 80.25 80.125 80.9375 81.25 81.4375 80.125 81.125 81.375 81.1875 82.375 81.9375 82.1875 84.25 82.875 81.8125 81.125 80.3125 77.3125 75.3125 73.125 74.1875 74.875 71.625 69.125 66.75 66.25 66.0625 65.8125 63.8125 63.8125 68.75 70.25 75.6875 80.9375 83
64.9375 65.375 70.3125 74.8125 76.375 76.875 80.3125 82.375 82.4375 80.75 84.75 83.75 82.75 84.25 80.5 80.0625 79.9375 79.5625 79.5625 81.375 86.4375 83 75.5625 63.3125 65.625 58.9375 58.25 63.75 65.8125 64.0625 69.375 73.25 78.625 78.0625 78.25 79.25 80.375 80.6875 80.5 82.125 81.9375 81.125 80.75 80.6875 81.625 81.375 82 83.4375 84.4375 83.0625 82.8125 82.1875 80.875 78.625 79.125 76.9375 76.5625 74.5 76.1875 74.8125 73.6875 71.4375 69.625 70.25 70.125 70.4375 69.75 72.5 76.8125 81.1875 82.75
75.6875 68.0625 68.375 71.75 74.6875 77.875 80.3125 83.1875 82.625 80.5 82 82 81.125 81 85.625 82.625 82 80.25 80.4375 83.75 84.9375 80 75.1875 73 70.125 59.5 62.3125 69.125 69.4375 64.625 65.8125 74.125 76.875 78.5 77.75 79.125 78.1875 77.875 79.375 82.1875 80.6875 81.4375 82.0625 80.9375 81.1875 81.375 81.9375 83.75 83.875 83.5 83.3125 83 82.0625 81 81 80.1875 78.25 80.0625 77.8125 75.1875 74.625 74.0625 72.5625 73.4375 73.75 72.125 75.375 75.375 79.8125 81.1875 83.25
85.1875 76.1875 69.625 67.3125 71.375 74.9375 79.875 79.3125 80.0625 80.5 79.625 81.4375 81.75 80.75 81.75 82.875 85.125 85.375 84.9375 83.8125 81.75 80.125 76.9375 76.5625 73.3125 60.3125 64.0625 70.6875 74.5 68.1875 70.5 74.9375 77.75 78.8125 78.8125 74.9375 77 79.5 81.4375 80.625 80.75 82.5 82.0625 80.5625 81.5 80.8125 82.75 83.25 83.4375 83.9375 82.875 83.0625 82.3125 82 82.0625 82.25 81 76.5 75.0625 74.6875 73.9375 74.8125 73.5 73.5625 72.875 73.625 77.8125 78.9375 82.6875 83.5625 84.875
86.5625 86.125 85 83.3125 77.125 72.5 74.4375 75.375 78 79.9375 80.375 83.375 80.8125 80.5 79.8125 81.1875 81.1875 80 81.375 81.5 79.25 80 76.3125 74.375 71.625 64.1875 65.4375 71.9375 77.375 73.4375 69.375 73.4375 76.1875 77.375 74.8125 72.5625 70 76.0625 80.3125 82.125 82.375 82.1875 80.8125 80.9375 81.9375 81.5 83 84.1875 83.5625 83.8125 83.0625 82.6875 82.75 82.1875 81.9375 81.875 80.6875 79 76.375 74.0625 75.4375 78.0625 77.1875 75.8125 74.75 74.75 77.125 81 82.6875 83.9375 84.6875
85.6875 86.25 86 84.0625 76.8125 68.1875 71.0625 74.5625 76.875 79.75 81.625 80.9375 80.1875 80.875 81.9375 80.75 80.9375 79.6875 80.25 79 76.9375 77.4375 76.375 75.5625 68.5625 64.875 66 69.8125 75.9375 74.0625 67.625 70.0625 73.875 76.0625 74.5 74.25 72 70.375 70.125 75.6875 81.875 79.875 80.625 82.3125 82.5 82.25 82.9375 84.1875 83.625 83.5 83.5 83.3125 82.9375 81.625 81.9375 80.75 80.5 79.6875 78.6875 76.9375 78.1875 78.875 79.25 77.5625 78.625 75.3125 78.9375 80.25 82.3125 83.6875 84.5625
88.5625 86.625 87.5625 84 75.0625 69.6875 69.25 72.0625 74.5 78.25 78.875 81.125 82.3125 83.25 83.8125 82.25 80.9375 82.1875 79.8125 76.6875 75.4375 75.8125 75.375 76.6875 73.375 72.6875 68.0625 70.625 76.5625 73 67.6875 74.3125 74.5625 75.4375 73.0625 73.5625 73.75 70.5 68.3125 72.3125 76.3125 77.1875 81.8125 83.1875 83.0625 82.25 82.875 82.8125 83.0625 84.1875 83.5625 82.5625 83.125 82.3125 81.1875 78.9375 79.6875 80.5 79.125 77.625 79.0625 77.9375 75.375 77.4375 77.1875 77.5 80.0625 81.1875 82.875 84.25 84.625
88.4375 87.6875 86.75 87.4375 85.6875 78.8125 70.5 68.75 72 72.5625 74.625 79.625 81.6875 82.25 81.4375 81.75 81.4375 81.5 79.1875 76.5625 76.8125 75.75 74.875 75.25 76.8125 78.9375 78.375 77.6875 77.9375 68.3125 68.75 75.4375 76.375 74.8125 73.75 73 72.5625 72.625 73.3125 73.375 75.625 79 79.375 81.75 82.25 81.5 81.625 81.4375 81.8125 83 83.1875 82.625 80.875 80.625 80.4375 80.5625 81.375 80.0625 78.5 77.8125 80.625 73.8125 74.875 77 76.625 78.125 79.1875 81.4375 82.0625 83.125 83.25
87.875 87.0625 85.875 86.5 87 83.1875 75.5625 71.875 73.5 71 72.0625 73.6875 78.25 80.25 79.625 79.1875 79 80.5 78.375 78.625 79.8125 79.1875 78.125 78.3125 80.3125 81.75 81.3125 78.75 74.5625 68.625 71.8125 73.375 75.5625 73.75 74.3125 73.6875 71.9375 71.875 71.6875 71.8125 74.6875 79.8125 77.875 81 80.75 81.5 80.875 79.5625 79.125 79 80.4375 81.125 79.4375 81.5 82.3125 80.5 80.5625 79.8125 78 75.875 76.875 73.8125 76.75 75.9375 76 76.3125 78.25 80.5625 80.625 80.3125 79.6875
87.9375 87 84.9375 84.125 86.3125 87.125 85 82 69.5625 64.4375 67.375 69.875 77.125 78.625 80.6875 80.125 77.625 79.3125 77.5 79.8125 80.9375 80.25 79.25 81.625 81.6875 81.4375 80.9375 78.5625 76.25 68.4375 69.25 71.75 75.625 76.25 74.5 73.5625 72.5625 71.5625 71.0625 74.0625 75.1875 79 79.1875 79.25 80.5 80.5625 78.5 78 77.9375 78.0625 80.3125 79.9375 79.25 81.4375 81 80.4375 79.5 79.5625 76.375 74.625 69.25 71.5625 71.75 65.625 68.6875 71.875 73.1875 75.5 77.625 77.0625 78.375
84.1875 83.75 82.25 83.5625 83.8125 85.5 86.75 84.6875 74.125 67.3125 70.5 76 81 82.3125 81.9375 81.625 79.9375 77.5 77.0625 77 77.8125 78.0625 79.125 80.625 80.375 82.0625 82.125 80.0625 80.0625 77.3125 71.9375 73.6875 77 77.1875 77.3125 74.0625 72.1875 69.5625 72.625 72.3125 73.9375 76.625 76.6875 78.3125 79.1875 79.5625 77.75 77.125 76.625 76.375 78.875 78.6875 78.6875 79.375 80.125 80.875 79.0625 78.8125 73.3125 69.5625 68.75 73.8125 74.875 67.5 65.5 61.4375 64.25 64.5625 64.6875 69.125 71.375
75.875 81.1875 85.6875 86.6875 85.125 84.5625 85.625 84.8125 76 74.125 77.5 80.8125 82.8125 83.125 83.75 84 80.8125 77.3125 78.375 78.875 78.3125 76.875 78.5 78.875 78.9375 80.5 81.75 80.6875 80.875 80.25 78.4375 77.5 77.0625 78.25 79.0625 75.5625 70.5625 67.75 69.8125 70.1875 71.5625 74.3125 74.5625 76.5 75.6875 75.875 75.3125 75.625 77.375 77.25 77 76.125 76.3125 78.6875 79 76.75 73.6875 75.625 74 68.875 68.375 73.8125 71.1875 62.625 60.1875 61.9375 60.1875 58.875 67.0625 67.1875 71.8125
