b_evi_r.asc
NCOLS 390 
NROWS 330 
XLLCORNER -114.010556502 
YLLCORNER 32.986236949 
CELLSIZE 0.0333547025948718 
NODATA_value -9999 
[rows 160 to 191 of 330, columns 0 to 70 of 390]
71.8125 72.1875 80.5625 84.5625 86.8125 86 86.8125 87.0625 84.9375 84.0625 85.375 82.6875 71.375 71.0625 73 79.5625 82.75 81.5 83.5625 84.625 87.5625 83.9375 78.75 77.125 76.125 75.375 74.8125 78.0625 82.625 80.25 83.125 80 77.1875 74.9375 77.875 77.1875 74.75 72.6875 73.5 70.9375 70.625 67.1875 60.875 52.3125 41.875 34.875 40.0625 44.3125 41.25 34.875 36.5 41.875 49.5 67.4375 61.375 50.0625 36.5 58.9375 55.3125 47.375 43.9375 39.0625 33.3125 47.3125 49.25 54.8125 40.125 35.25 53.5625 59.75 46.125
70.625 71.4375 80.3125 84.4375 85.5 85.8125 85.25 86.625 84.1875 86.75 87.625 82.9375 69.5625 57.3125 64.25 72 76.9375 81.625 86 86.8125 86.9375 78.25 70.625 64 72.375 77.8125 78.1875 80.9375 75.5 75.875 78.8125 78.5 77.625 74.8125 77.625 77.25 74.8125 75.0625 76.5625 72.625 71.3125 67.3125 65.125 55.1875 49.4375 42.0625 43.4375 45.5625 42.8125 44.5625 50.4375 52.5625 70.3125 66.1875 62.125 54.625 43.75 68.625 48.25 57.1875 70 52.8125 37.0625 45.8125 56.9375 40.9375 39.5625 36.375 90.4375 61.375 48.75
71.375 70.5625 79.3125 83.4375 84.0625 85.5 86.625 87.8125 85.5 85.5625 86.25 83.5 77 64.875 64.3125 76.875 81.0625 82.4375 84.6875 85.75 81 76.1875 61.375 61.5625 73.5625 79.1875 79.5625 78.8125 78.25 80.5 82.5 83.4375 72.75 72.8125 73.625 71.5625 70.625 72.3125 72.125 72.875 69.3125 65.125 65.125 56 40.5625 45.5625 51.6875 52.25 54.0625 59.5 71.4375 71.75 65.875 66 75.875 70.9375 55 57.375 48.5 42.875 43 49.0625 38.4375 48.375 50.5625 51.125 45.25 65.3125 75.5 49.25 42.0625
72.25 64.75 69.1875 78.8125 81.5 84.5625 86 87.25 87.625 87.75 88 86.1875 79.9375 68 62.6875 73.4375 81.0625 82.5 81.6875 83.5625 80.8125 70.1875 61.375 64.9375 76.8125 80.9375 79.1875 77.25 75.125 80.125 76.375 80.4375 73.0625 72.5625 72.875 71.375 59.6875 67.8125 70.125 74.875 70.3125 63.9375 59.125 44.75 42.125 42.125 56 59.875 62.0625 64.875 57.125 51 66.8125 68.3125 75.4375 69.625 56.625 43.5625 49 39.5625 40.625 41.625 48.75 57.4375 47.5625 59.5 41.3125 48.6875 45.625 47.0625 44.1875
72.4375 65.5625 63.9375 73.875 76.75 84.6875 84 85.9375 86.0625 85.1875 88.3125 85.4375 80.6875 79.125 77.875 79.4375 82 82.125 80.5625 80.6875 81.0625 67.5 58.1875 70.5 78.5625 77.0625 77.125 78.6875 72.9375 75.1875 71.25 75.625 70.5 70.875 73.5 68.5625 55.75 59.0625 61 65 63.875 50.5 47.875 40.5 50.25 54.3125 52.75 52.75 44 38.75 43.1875 46.125 69.5 69.5 69.625 62.3125 47.5 39.0625 48.8125 48.1875 40.875 45.5625 52.4375 62.375 46 63.5625 53.625 49.5 47.1875 51.0625 58.6875
72.1875 64 61 67.1875 80 84.0625 83.625 85.3125 85.5625 86.3125 87.9375 85.0625 80.3125 67.875 71.0625 80.5 81.5 74.125 80 80.8125 82 69.6875 68.6875 76.1875 79.375 77.5625 81.375 78.8125 73.5625 74.5 72.25 69.75 71.6875 75.125 77.1875 67.6875 49.5625 40.0625 42.0625 47.875 49.0625 52.9375 47.5625 37.625 45.5625 62.8125 56.4375 50.0625 50.375 42.1875 43.0625 50.625 60.75 69.1875 74.4375 63 48.5625 54.375 48.0625 48.625 44.875 53.6875 59.3125 43.875 53.0625 59.6875 59.125 57.3125 56.25 58.5625 67.5625
69.3125 67.75 66.0625 67 80.375 84.5625 86.375 84.8125 84.875 87 87.1875 83.9375 78.9375 67.125 72.125 83 82.25 78.125 81.25 81.1875 80.25 77.375 76.75 76.6875 77.75 77 79 82.4375 79.6875 77.1875 72.0625 71.75 74.125 74.1875 73.5625 59.875 55.375 41.4375 46.9375 44.25 47.75 53.6875 46.5625 38.75 47.6875 59.75 59.25 51.875 71.9375 41.5625 46.125 57.625 67.75 54.125 77.0625 66 56.3125 44.8125 42.5625 47.25 48.0625 54.5625 65.9375 38.125 67.5 66.375 67.25 66.375 66.5625 71.125 72
75 71.125 67.75 69.1875 79.3125 84 85.5625 84.4375 80.75 85.5625 83.6875 81.75 72.125 65.1875 73.4375 83.875 82.3125 79.4375 80.8125 82.1875 80.3125 76.625 75.3125 76.125 75.9375 78.1875 79.9375 77.0625 77.1875 75.625 63.8125 68.4375 72 75.6875 71.8125 57.4375 46.375 47.8125 56.9375 53.6875 57 62.125 55.75 42.3125 44.25 55.375 62.3125 84.6875 84.875 72 45.9375 50.1875 56.4375 56.0625 72.375 75.1875 62.1875 45.8125 44.0625 47.25 47.125 55.8125 56.875 63.1875 64.4375 68.5 71.5625 72.125 72.8125 71.6875 65.3125
77.5625 68.1875 65.875 68.375 74.5 81.75 83.9375 83.75 81.875 82.1875 81.125 69.4375 60.3125 62.875 73.5 78.75 81.9375 82.625 81.5 81.9375 79.875 77.4375 74.125 75.9375 73.875 73.5625 76.25 77.1875 70.8125 67.0625 50.75 68.0625 72.125 74.625 69.0625 56.8125 44.5 58.1875 66.625 66.3125 62.0625 59.25 65.3125 50.375 41.8125 62.75 65.5625 82.8125 97.1875 78.5625 60.125 55.625 63.0625 75.0625 66.8125 78 74.375 55.5625 45.375 44.875 46.6875 62.625 66.3125 67.3125 65.25 67.375 69.1875 70.3125 68.5625 73.625 65.0625
80.3125 65.8125 60.75 65.6875 73.4375 75.375 80.1875 80.8125 82.4375 82.25 72.125 62.5625 55.5625 57.5625 68.75 73.5625 78.8125 80.75 80.25 79.9375 75.875 74.25 73.4375 73.625 74.1875 73.75 77.0625 79.625 79.0625 34.3125 18.1875 59.6875 73.8125 71.375 62.8125 54.8125 50 73.125 75.6875 75.125 59.875 58.3125 66.5 51.625 44.5625 49.375 45.25 60.5 65.1875 90.1875 51.3125 48 47 70.6875 68.9375 83.0625 78.625 59.25 46.75 44.75 55.625 66.6875 66.9375 55.75 63.25 66.75 69 71 71.5625 72.5625 74.8125
79.1875 72.5 62.3125 58.0625 58 65.875 74.25 79.1875 82.25 78.75 65.0625 55.25 54.25 55.6875 63.3125 73.4375 67.9375 73.25 80.125 78.1875 76.8125 76.5 73.3125 75.875 78.125 78.125 78.5625 77.375 54.625 21.375 27.375 68.25 65.5625 53.25 42.1875 54.375 69.4375 76.6875 79.0625 76.875 68.375 45.875 58.5 65.625 42.6875 45.75 46.125 46 47.75 53.125 47.5 49.375 55.1875 73.4375 84.1875 76 71.3125 56.4375 48.5625 50.125 61.6875 73.375 68.125 49.9375 52.3125 61.875 68 72.25 75.5625 77.125 75.4375
78.375 73.125 63.3125 59.1875 55.9375 65.8125 72.0625 77.375 79.9375 77.9375 69.9375 63.3125 56.75 58.5 65.375 67.75 56.875 65.5625 78.4375 76.5 76.6875 75.1875 76.875 75 78.3125 78.4375 75.0625 81.75 50 36.625 30.75 62.75 74.0625 59.9375 47.5625 58.125 73 77.375 77.1875 49.4375 38.3125 36.8125 59.0625 58.0625 47.5 40.3125 46.1875 46.5 45 55.9375 46.625 51.875 64.4375 77.875 83.5625 58.9375 52.5 45.5625 50.6875 52 74.625 76.0625 68.25 52.3125 56.4375 63.0625 67.75 70.75 71.375 70.0625 72
74.875 70 63.6875 54.4375 54.4375 64.4375 71.125 74.625 76.625 79.25 79.1875 70.375 63.5625 57.1875 68.1875 67.625 66.125 72.1875 75.9375 80.0625 78.6875 78.875 77.9375 79.1875 73.625 69.9375 81.9375 67.125 61.8125 68 72.875 72.6875 78.8125 72.1875 63.25 69.625 48.875 58.625 42.0625 23.625 26.75 40.5 68.625 48.75 43.3125 38.625 39.75 43 45.6875 48.6875 46.375 60.0625 69.1875 62.5 58.6875 71.4375 54.1875 46.1875 48.375 54.875 63.9375 52.75 63.375 57 58.125 64.125 68.4375 70.75 71.75 70.5 71.8125
76.5625 72.75 65.1875 56.5 54.1875 62.4375 67.1875 71.9375 76.6875 78.1875 80.0625 77.4375 72.4375 64.625 71.9375 74.8125 73.25 72.4375 74.875 78.4375 78.1875 77.6875 74.9375 75.1875 68.9375 73.25 77.875 71.4375 64.5 69.6875 70.75 45.8125 55.6875 73 66.125 68.0625 76.1875 78.0625 76.1875 66.5 58.6875 57.25 64.375 55.125 49.75 44.625 48.25 48.875 62.5 48 50.4375 65.8125 63.5625 57.875 41 75.4375 68.25 57.1875 55.8125 63.625 79.3125 74 65.1875 55.25 60.625 63.4375 65.1875 67.25 68.3125 69.25 69.875
75 74.4375 68.9375 58.875 50.25 49.4375 61.9375 72.6875 76.4375 75.875 77.25 76.8125 72.75 70.9375 74.625 75.5625 77 71.75 67.25 73.4375 77.8125 72.625 76.6875 79.5625 79.625 74.0625 70.75 68.5625 70.0625 57.125 70.6875 69.375 77.75 69.75 60.5 60.25 58.375 67.9375 71.75 68.25 65.0625 61 57.75 64.4375 52.125 47.6875 45.375 56.6875 57 47 57.4375 58.875 25.1875 32.75 64.5 67.9375 67.75 66.875 70.9375 75.25 86.4375 75.375 58.5625 51.5625 58.625 64.6875 67.6875 65.0625 66.625 68 69.4375
73.875 75.4375 71.5625 62 55.9375 50.625 58.8125 67.25 74.25 74.75 76.3125 75.0625 74.75 72.3125 70.1875 75.625 78.75 78.9375 76.25 76.1875 74.125 78.9375 79.8125 78.1875 76.8125 73.25 72.5625 70.125 68.9375 69.75 71.9375 73.9375 69 62.0625 54.8125 48.25 49.8125 53.1875 59.1875 63.0625 56.25 61.75 60.875 66.4375 60.1875 46.875 42.6875 45.6875 45.5625 49.8125 59.1875 51.125 28.3125 55.625 66.375 49.5625 45.5 45.6875 55.9375 53.4375 60.25 70.875 64.625 52.9375 60.5625 64.0625 66.0625 64.0625 66 65.75 68.75
72.25 75.1875 75.3125 69.75 61.75 59.75 63.125 64.375 70 72.625 73.6875 71.3125 69.75 72.5625 71.1875 72.75 75.6875 80.125 81.5625 73.0625 69.3125 77.625 78.875 78.625 76.75 72.75 66.9375 64.8125 63.6875 64.1875 63.5625 65.8125 58.4375 59.125 59.1875 55.75 53.3125 52.6875 56.5625 64.3125 64.75 69.75 58.125 51.1875 53.875 45.9375 46.5 50.5625 47.3125 53.75 61.3125 61.625 66.125 69.4375 61.0625 49.4375 47.5625 50.3125 54.5 63.0625 56.6875 73.4375 68.3125 59.625 59.5 59.6875 66.6875 64.0625 59.375 61.625 63.5
69.125 74.375 73.1875 75.3125 72.375 64.0625 61.0625 52.875 62.0625 68.25 73.8125 71.3125 70.5 72.9375 69.875 65.6875 72.6875 77.4375 80.25 65.4375 71.875 79.8125 77.875 77.9375 75.25 67.75 61.8125 64.9375 63.1875 62.3125 62.9375 60.6875 63.5625 60.4375 61 57.625 58.125 53.0625 61.75 70.1875 69.1875 54.4375 52.875 52.4375 44.3125 47.75 50.375 54.375 55.625 53.5 55.6875 53.5625 57.3125 59 46.1875 47.75 54.6875 51.75 53.6875 61.375 50.5 57.5625 62.375 55.125 53.125 54.9375 58.0625 55.6875 54.6875 60.9375 54.4375
65.5625 74.5 74.6875 75.9375 75.1875 65.5 63.3125 62.5 65.75 72.0625 75.375 74.5 76.5 75.6875 72.5625 71.625 73.625 77.625 81.1875 76.6875 76.1875 78.375 79.5625 79.9375 76.125 69.25 68.75 64.625 60.3125 61.1875 65.4375 66.25 67 68.5 58.5 54.25 60.1875 69.25 72.9375 68.125 69.5 51.0625 61.1875 55.3125 44.8125 52 52.6875 56.375 58.0625 61.375 57.6875 49.25 42.5625 40.875 47.25 40.75 49.875 61.5 55.75 56.25 67.1875 71 60.875 52.5 48.8125 56.25 60.1875 52.6875 50.125 53.4375 50.375
65 75.5 77.625 76.25 73 65.0625 70.25 72.375 70.3125 70 70.875 73.3125 79 79.4375 78.0625 76.75 80.125 83.75 76.375 77.8125 76.9375 76.5 79.375 80.9375 77.125 72.5 72.3125 71.75 66.6875 69.25 72.5625 72.25 71.25 62.375 61.8125 67.75 76.125 76.4375 54.75 55.375 52.3125 46.625 65.25 49 56.4375 57.6875 54.5 60.5 62.8125 61.875 58.3125 49.5625 40.1875 50.875 50.6875 53.1875 58.75 60.625 56.0625 61.125 68.5 67.4375 55.625 47.875 45 52.875 60.9375 52.5625 56.9375 53.5625 48.625
68.5625 71.75 72.3125 70.875 60.6875 54.375 64.875 75.0625 75.375 72.75 73.75 75.75 78.25 80.375 80.375 76.875 78.5625 77.8125 77.6875 79.125 78.3125 80.25 78.8125 78.625 76.375 76.9375 75.625 73.6875 74.5625 77.125 75.1875 73.875 70.9375 66.125 60.375 75.125 78.5625 72.5625 57.3125 67.375 57.4375 49.75 46.4375 49.3125 52 55.625 62.8125 63.5 55.125 67 60.1875 50.4375 52.5 59.9375 57.3125 51.625 57 59.4375 55.75 60 74.25 62.1875 56.375 44.75 47.3125 47.6875 44.5625 55.4375 52.8125 50.375 42.75
65.75 62.1875 63 59.1875 61.9375 68.3125 73.0625 77.5625 79.125 77.9375 76 77 77.375 77.6875 78.0625 75.625 76.625 74.625 71.6875 74.8125 80.4375 78.1875 78.4375 81.625 78.8125 79.75 80.125 79.875 80.0625 78.5625 77.9375 73.375 70.125 67.5625 71.125 75.8125 74.625 67.4375 42.5 63.6875 44.1875 42.375 49.125 47.375 49.6875 59.4375 65.3125 64.5625 67.25 71.625 59.625 49.5 55.6875 61.125 57.75 57.5 55.0625 50.3125 58.25 67 62.5 60.25 48 39.625 56.5625 46.125 42.5625 46.375 52.1875 46.8125 52
53.625 59.3125 62.4375 65.375 71.75 78.8125 77.9375 77.3125 76 76 78.75 76.8125 77.0625 77.625 83.9375 81.875 78.8125 69.875 73.6875 74 75.75 77.75 76.9375 77.9375 79.1875 78.25 80.125 80.75 82.4375 80.6875 72.0625 73.625 73.5 76.4375 74.1875 51.9375 65.75 42.5 64.3125 52.4375 43.0625 44.75 42.3125 46.1875 48.375 61.9375 70 49.9375 71.8125 73.125 58.625 48 50.5625 56.4375 58.8125 58.0625 55.125 56.5 69.125 68.4375 51.25 58.25 41.75 57.1875 70.1875 36.375 39.5625 43.1875 49.625 50.5625 61.125
59.9375 59.5 62.6875 71.1875 78.375 75.875 79.6875 82.25 81.3125 79.5625 83 78.125 77.75 80.3125 77.9375 80.1875 78.8125 77.875 73.6875 72.375 71.8125 77.0625 78.875 78 76.6875 78.4375 75.3125 75.4375 75.875 59.25 70.8125 70.3125 74.8125 52.6875 24.9375 40.9375 40.875 53.8125 57.875 48.8125 49.3125 40.875 41.0625 46.875 56.6875 61.5625 65.5 35.0625 57.4375 75.4375 68.375 58.375 54.75 57.25 56.8125 55.5 54.75 55.75 73.0625 73.5 51.0625 60.9375 57.375 42.4375 62.3125 40.3125 39.4375 57.5 56.125 66.5625 72.5625
66.3125 65.1875 65.9375 75.9375 77.6875 79.1875 81.8125 83.75 83.1875 81.125 78.5 78.0625 76.8125 73.125 73.4375 77.5 71.75 72.25 70.875 73.3125 70.625 72.375 77.25 76.4375 75.8125 77.875 78.125 75.6875 60.3125 70.75 73.875 63.5625 60.25 40 35.8125 56 62.375 58.3125 48.75 40.6875 43.3125 40.9375 44.875 42.9375 55 65.9375 67.1875 31.375 63.375 75.4375 71.5625 68.875 58.625 61.3125 61 60.25 58.1875 67.125 70.1875 74.3125 73.75 63.3125 55.25 47.1875 42.4375 46.5625 54.5 67.875 70 71.625 72.125
74.0625 76.875 80.4375 80.875 81.0625 79.75 65.3125 84.5625 79.75 78.1875 70.125 73.875 71 72 76.4375 74.0625 68.0625 62.5 73.0625 74.5 62.5625 63.5625 75.0625 76.25 75.0625 74.8125 75 64.3125 64.5625 59.5625 73 62.5625 58.1875 66.375 51.75 55.6875 60.8125 50.0625 43.8125 43.5 48.5 54.125 59.125 49.0625 50.8125 63.8125 60.9375 45.8125 63.1875 70.875 66.6875 73.1875 57.5625 50.75 60.125 65.5625 68.5 70.4375 70.6875 74.25 68 54.8125 58.5625 49.1875 44.0625 51.9375 64.6875 70.9375 73.875 74.125 77.0625
79.8125 81 82.25 81.5625 79.8125 68.5 56.8125 69.25 77.5625 64.4375 69.25 51 73.1875 71.8125 67.625 66.25 68.25 69.125 76.25 76.9375 74.6875 68.625 74.4375 77.3125 76.1875 73.8125 70.4375 62.625 62.125 55.25 70.9375 61 58.5 51.125 44.875 48.75 58.75 55.5 44.0625 47.75 53.3125 52.3125 59.5625 62.375 54.25 59.5 57.875 65.25 63.6875 74.9375 77.4375 73.8125 65 55.1875 56.75 65 69.375 68.8125 72.5625 70.625 64.125 52.5 57.8125 50.4375 38.5 51.125 67.5 71.5625 73.0625 74.4375 74.1875
81.75 80.6875 78.875 82.125 82.125 78.875 62.3125 71.1875 82.75 83.625 65.875 30.125 67.125 68.1875 56.25 69.3125 64.3125 65.625 71.9375 73.75 72.875 78.25 77.375 76.8125 75.0625 72.625 58.625 44.4375 38.1875 59.9375 54.6875 46.6875 46.25 49.5 43.25 47.1875 54.125 45.875 40.4375 48.5 50.625 54.8125 53.5625 51.625 49.1875 63.125 67.375 66.125 63.9375 65.1875 72.1875 76.9375 66.9375 67.1875 67 67.5 67.25 68.625 63.0625 60.9375 63.75 54.6875 58.3125 45.3125 45.75 50.0625 66.4375 68.875 73 73.3125 77.625
75.8125 77.75 80.6875 81.125 81.6875 82.25 79.75 75.9375 75.125 52.375 43.9375 53.5 72.1875 53.375 45.9375 69.3125 58.625 54.375 63 68.9375 74.5 77.875 77.8125 75.0625 72 62.9375 34.8125 50.3125 53.9375 62.1875 50.6875 46.6875 43.5 42.625 53.125 51 53.375 49.5625 43.625 43.25 56.875 58.1875 49.375 46.3125 51 61.3125 65.4375 66 65.3125 71.875 70.5625 71.375 65.25 70.375 72.0625 71.5625 74.75 67.3125 63.9375 65.625 59.3125 57.5625 61.3125 53.375 48.8125 59.4375 65.875 69.5625 71.125 75.125 75.375
66.5 66.125 68.3125 70.625 73.4375 77.9375 79.625 78.75 78.0625 49.6875 29.375 58.125 59.75 36.375 54.0625 71.375 58.125 58.4375 61.8125 69.25 76.1875 73.5 70.0625 72.8125 72.1875 68.8125 51.8125 68.75 67.0625 70.5625 55.0625 47.6875 44 47.875 62.8125 88.5 80.6875 47.875 43.125 40 56.125 54.25 49.125 51.4375 64.625 55.5 61.3125 69.25 67.3125 64.6875 65.9375 59.125 58.5625 66 72.3125 66 70.625 69.125 72.3125 72.8125 70.375 66.75 62.5625 62.3125 51.5 65.625 67.25 67.9375 68.9375 72.75 74.875
72.5625 72.1875 67.875 67.25 67.4375 72.3125 77.125 75.875 74.875 49.25 19.125 66.125 63.875 60.6875 68.0625 71.375 71.1875 72.6875 64.4375 70.0625 70.8125 62.625 71.5625 66.3125 76.375 69.125 67.0625 68.25 66.375 52.5 56.4375 49.625 48.5625 42.875 63.875 79.125 55.625 48.75 48.375 43.5 57.625 60.1875 61.375 52.4375 46.4375 49.9375 55.3125 63.4375 65.5625 61.0625 67.3125 65.1875 67.5 64.125 64.4375 65.3125 77.5 67.4375 72.4375 77 76.3125 70.9375 65.125 76.625 73.625 59.75 54.1875 62.25 65.9375 70.5 73.875
76.125 71.3125 70.375 71.8125 66.6875 70.25 71.6875 71.9375 73.75 30.8125 30.5 44.8125 70.0625 64.25 65.125 71.1875 72.3125 73.125 69.4375 62.25 62.625 60.875 64.4375 66.375 71.6875 62.125 65.4375 63.3125 48.375 44.75 39.5 37.5 43.625 44.5 56.4375 76.3125 65.125 55.6875 46.5 42.4375 48.75 58.5 58.1875 60.8125 60.4375 57.6875 62.3125 66.3125 65.75 54 56.125 54 60.9375 55.875 65.125 72.4375 68.0625 64.1875 64.375 75.625 78.875 77.4375 72.375 68.1875 73.0625 64.625 52 59.3125 64.75 68.375 73.125
