b_evi_r.asc
NCOLS 390 
NROWS 330 
XLLCORNER -114.010556502 
YLLCORNER 32.986236949 
CELLSIZE 0.0333547025948718 
NODATA_value -9999 
[rows 224 to 255 of 330, columns 284 to 354 of 390]
59 61.375 67.1875 62.375 64.1875 68.625 66.3125 66.5 58.375 54.8125 58 57.25 58.0625 58.125 59.25 56 53.375 48.125 42.625 46.125 47.4375 41.1875 39 37.5625 40.9375 40.6875 42.9375 37.3125 33.1875 34 38.75 38.375 39.25 41.8125 42.4375 40.9375 45 45 39.625 37.125 40.5625 36.25 39.0625 38.625 41.1875 50.875 49.1875 52.4375 43.0625 43.9375 47.0625 49.875 49.0625 38.9375 33.0625 41.875 53.3125 54.6875 48.1875 35.125 49.25 46.3125 38.5 34.375 38.9375 34.1875 36.8125 40.625 43.3125 36.625 39.8125
59.6875 59.75 62.8125 64.9375 61.25 60.75 65.125 68.6875 66.3125 54.625 61.5 55.125 57.4375 58.5625 55.8125 54.8125 53.875 50.375 44.125 46.8125 46.6875 48.6875 43.4375 38.1875 37.5 41.75 38.1875 40.25 37.6875 34.6875 35.125 38.4375 37.5 36.9375 41.5625 49.625 42.5 45.0625 46.9375 43.75 30.6875 32.8125 41.4375 28.5 39.5 55.75 53.5625 43.125 52.125 46.1875 49.375 46.4375 42.1875 28.5 23.5625 49.5 42.75 43.875 45.4375 47 43.75 43.1875 45.75 51.5 50.25 45.8125 52.6875 45.8125 54.6875 47.8125 49.4375
53.625 55.25 53.6875 52.1875 62.6875 58.9375 58 68.875 68.3125 61.1875 56.5625 60.1875 62.125 57.875 55.9375 53.875 49.0625 44.75 44.1875 45.5625 45.3125 45.4375 42.6875 39.6875 43 46.75 44.4375 40.125 35.8125 37.8125 39.875 41.0625 42.4375 41.25 34.125 39.125 44.25 43.5 46.25 53.375 42.0625 38.125 31.75 35.125 42.25 45.3125 46.5 41.375 33.9375 44.4375 47.25 38 42.75 37.9375 41.0625 38.75 52 47.5 37.25 42.625 41.625 40.5625 40.9375 39.875 44.9375 45.375 47.375 43.125 46.875 52.0625 44.875
55.25 58.5 55.8125 56.375 58.8125 62.125 67.1875 71.75 66.125 60.5 58.625 59.4375 58 55.5 56.3125 51.5625 46.0625 45.6875 46.5 46.75 45.25 42.625 42.25 41.875 41.6875 42.75 48.875 43.0625 42.6875 39.8125 41.875 39.875 44.4375 41.1875 39.5625 46.25 51.8125 50.9375 55.375 52.5 50.75 39.625 28.125 39.125 46.4375 45.5625 44.5 45.875 40.4375 43.8125 42.5625 44.8125 37.1875 45.75 45.875 39.8125 47.875 52.1875 48.9375 48.5625 47 46.3125 44.25 42.25 45.1875 46 44.75 37.625 38.25 55.25 42.0625
57.3125 63.75 62.625 59.8125 58.75 63.8125 62.75 69.0625 67.625 59.25 59.1875 60 61 60.375 57.8125 54.0625 54.125 57.25 54.625 52.375 49.6875 44 40.3125 39.125 37.625 40.6875 41.4375 47.5 46 39.9375 42.8125 44.4375 44.0625 45.875 48.125 48.8125 50.9375 48.0625 51.75 48.25 41.8125 40.5625 43 46.3125 45.4375 45.6875 49.3125 50.75 46.4375 37.75 38.625 39.125 42.875 47.6875 43.4375 46.375 49.8125 44.9375 46.1875 45.9375 44.3125 49.4375 48.3125 43.3125 40.875 45.125 38.125 33.375 35.1875 36.25 49.125
53.5 63.1875 67.8125 59.75 61.4375 60.3125 60.6875 67.4375 62.8125 54.5 57.5 57.875 61.0625 60.4375 59.375 56.1875 54.1875 53.4375 55.3125 52.625 50.625 50.5 48.0625 49.125 45.6875 49.6875 45.75 43.4375 42.5 41.0625 48.4375 48 46.125 47.0625 48.3125 47.6875 44.75 45.875 49.5 49.4375 44.5 43.625 48 51 52.3125 49.8125 52.3125 57.6875 50.0625 39.5625 42.1875 38.0625 38.0625 44.875 42.25 43.375 41.8125 41.0625 40.75 45.25 45.8125 41.6875 41.0625 49.5625 42.4375 52.75 48.9375 47 46.0625 38.75 36.125
63.9375 66.25 66.75 61.5625 59.1875 57.1875 62.875 62.6875 57.375 59.625 57.4375 56.3125 58.25 59.25 63.0625 56.25 49.6875 56.5625 53 52.125 52.4375 55.75 49.625 44.1875 45.3125 50.5 50.1875 49.3125 46 45.75 54.0625 49.3125 47.625 49.6875 52.875 53.25 51 51.8125 51 45 45.375 43.6875 43.9375 41.1875 54.8125 51.3125 40.0625 47.1875 52.0625 55.8125 41.125 44.625 44.5625 37.0625 42.125 43.5 43.0625 43 40.5 42.75 41.1875 44.5 40.6875 37.3125 39.25 49.125 58.9375 56.5 56.6875 46.25 39.3125
66.0625 60.875 62.1875 60.0625 61.5625 64.5625 63.5625 61 62 60.4375 56.6875 57 59.125 62.3125 61.875 58.875 55.625 57 57.625 51.9375 48.125 46.6875 47.1875 46.875 49.75 55.75 46.875 41.25 44.3125 52.875 52.25 52.8125 47.3125 55 55.625 56.9375 52.3125 49.625 47.875 48.6875 47.3125 39.5625 49.0625 45.8125 51.9375 39.8125 53.6875 48.9375 52.125 52.6875 47.8125 46 49 48.0625 42.3125 47 44.875 42.1875 43.8125 41.0625 46.6875 46.125 43.5 40.125 45.75 44.75 51.75 49.1875 52.875 42.75 34.125
59.75 60.8125 58.5 64.75 63.625 62.5625 67.3125 69.75 65.5 61.6875 57.0625 57.6875 60.8125 58.75 57.875 56.375 58.0625 57.3125 58.875 55.6875 52.9375 51.6875 50.9375 49.5 55.75 58.6875 53.8125 50.5625 55.5625 59.8125 57.5625 58.75 59.3125 56.9375 59.125 60.25 55.4375 50.5625 50.375 49.875 53.125 43.8125 49.875 53.9375 42.625 41.625 53.5 49.1875 46 50.5625 46.4375 48.125 49.1875 48.3125 42.8125 50.875 51.75 43.125 37.125 40.625 46.5 44.8125 41.375 45.9375 45.625 46.1875 49.875 53.0625 58.5625 35.625 26.75
57.875 58.9375 59.6875 61.875 65.1875 68.875 71.375 66.625 60.5625 60 57.875 57.625 59.75 60.375 55.5 54.5 57.9375 58.9375 59.3125 57.0625 60 59.875 51.8125 54.375 61.375 58.625 59.0625 58.6875 57.6875 60.875 61.375 59.75 58.625 60 59.875 56.375 55.5 48.3125 46.1875 43.9375 46.8125 40.8125 44.25 52.625 50 46.5625 41.5 54.0625 38.625 54.1875 56.375 41.3125 37.125 45.8125 51.0625 49.1875 37.6875 41.625 37.125 39.0625 40.6875 39.0625 43.75 47.0625 47.125 45 44.875 46.4375 54.375 36.5625 30.5
55.125 57.3125 55.375 61.75 64.0625 70.5 71.25 70.125 68.25 60.875 57.9375 61.125 59.1875 57.6875 60.25 58.8125 57.1875 57.5625 59.0625 55.4375 58 57.3125 60.4375 60.8125 65.6875 58.8125 62 60.1875 61.25 61.9375 61.125 58.125 54.5 55.5 58.75 53.5625 52.4375 54.1875 47.125 43.875 48.25 47.4375 47.5625 46 44.625 46.125 44.0625 48.0625 50.5625 50.6875 40.6875 36.1875 36.75 38 38.375 42.5 41.4375 47.1875 51.8125 39.125 45.4375 41.625 45.6875 46.5625 55.125 41.75 52.875 42.125 44.9375 40.625 38.375
47.6875 52.875 49.8125 60.875 62.75 67.0625 70.5625 69.125 65.25 60.75 60.3125 59.8125 60.875 62.3125 62.5 60.0625 58.375 59.5 54.625 56.8125 52.5 58.4375 63.5625 63.25 61.0625 60.4375 58.3125 56.125 63.6875 55.5625 55.6875 59.875 56.125 52 54.75 53.0625 57.375 55.5 57.5625 51.375 49.6875 46.5 43.8125 50.5625 45.875 41.625 39 46.6875 39.1875 55.0625 43.75 43.4375 33.625 36.6875 40.6875 36.8125 44.25 44.6875 48 50.625 48.9375 40.625 44.3125 39.3125 37.6875 46.9375 54.6875 37.6875 50.6875 46.9375 40.9375
46.125 50.5 45.625 58 60.375 62.5 69.125 70.5 63.75 61 60.6875 61 59.1875 58.1875 60.9375 65.125 61.5 56.375 57.3125 55.9375 53.8125 60.0625 62.25 64 61.25 59.0625 61.375 59.75 58.5625 60.875 59.6875 56.4375 59 57 56.625 55.6875 55.375 55.875 56.5625 57.6875 50.1875 48.875 42.75 44.9375 43.4375 36.1875 47.4375 40.25 43.1875 47 52.8125 42.3125 47.5625 51.8125 52.5 41.875 44 38.9375 47.125 35.6875 36 42.375 38.8125 47.5625 50.875 59.5625 49.9375 35.5 38.5 36.6875 44.625
57.6875 59.9375 56.625 57.9375 59.125 61.6875 61.875 68.25 66.125 63.6875 61.0625 58.1875 58.3125 59.625 58.625 63.0625 66.75 61.1875 58.5625 56.9375 56.625 57.8125 58.625 66.4375 62.5 60.5625 63.3125 62.125 61.3125 57.125 53.5625 55.6875 58.0625 55.6875 53.3125 51.625 55.6875 56.625 50.375 56.6875 54.6875 48.9375 48.4375 45.5625 51.625 45.125 45.9375 47.5625 44.1875 33.375 51.5625 48.0625 46.625 43.375 49.9375 50 41.625 36.75 42 46.125 52.3125 50 44.875 36.8125 31.75 44.4375 38.3125 25.6875 44.125 51.125 50
59.3125 58.3125 62.4375 57.1875 61 61.875 60.3125 63.0625 65.125 58.625 57.625 58 57.5 58.0625 59.5 58.6875 65 60.1875 58.1875 56 55.9375 57.4375 53.875 56.6875 67.6875 65.5625 63.375 60.5 60.0625 60.25 53.5625 53.8125 52.75 57.8125 57.1875 55.375 55.4375 52.375 55.5 55.8125 53.875 55.8125 53.6875 54.8125 42.25 38.8125 31.1875 20 43.4375 52.125 55.625 59.375 44.6875 37.125 50.6875 48.75 49.75 47.5 37.0625 35.0625 49.75 55.375 44.4375 40.875 38.8125 42.1875 39.4375 40.125 35.75 48.4375 49.8125
53.625 55.5 59.4375 59.4375 59.6875 60.3125 62.375 59.4375 61.0625 62.6875 57.9375 59.3125 64.3125 60.875 60.3125 58.5 58.8125 59.375 59.75 62.375 56.3125 55.625 55 58.625 64.0625 62.9375 59.875 59.0625 55.5625 56.3125 52.125 53.375 53.9375 56.25 51.125 54.875 56.1875 54.375 54.8125 50.4375 49.5 50.0625 49.5 55.625 47.75 48.75 43.0625 39.875 39 41.9375 51.9375 50.1875 37.6875 49.625 49.1875 48 48.375 37.5 40.125 38.875 41.75 45.5625 59.6875 63.0625 46.5625 49.5625 44.6875 47.3125 45.375 45 59.875
54.0625 57 57.3125 57 58.375 60.4375 60.875 63.6875 61.375 61.1875 58.625 57.375 60.75 56.1875 57.625 59.125 55.4375 60.3125 59.5 60.4375 62.6875 55.0625 55.1875 55.3125 60.5625 63.5625 59.625 52.9375 56.4375 56.375 54.0625 53.5 49.5625 44.375 39.875 39.625 42.3125 50.1875 53.5 51.125 51.25 46.75 49.5 57.4375 54.6875 56.3125 41.625 29.6875 38.8125 44 43.3125 44.375 36.125 42.1875 42.125 44.9375 42.5625 37.625 36.125 39.125 43.25 39.9375 57.6875 45.75 45.75 45.125 35.5625 42.4375 33.25 49.8125 44.125
63.0625 58.4375 60.0625 63.25 61.3125 62 62.75 61.4375 61.5625 58.0625 55.75 52.5 50.0625 50 51 54.0625 58.5625 59.125 61.5625 62.5625 65.0625 60.5625 56.875 57.0625 54.9375 59.25 62.25 61.0625 61.75 59.25 51.75 44.5625 40.75 41.4375 40.125 37.375 35.875 44.5 51.6875 51.5625 50.3125 47.6875 50.6875 54.625 54.25 52.375 50 33.75 42.125 41.625 35.875 49.125 60.4375 58.5 47.25 37.6875 37.3125 32.375 43.0625 42.25 39.5625 35.3125 47.1875 40.1875 48.0625 49.875 45.875 45.5 47.125 38.25 39.5
61.4375 58.0625 62.25 61.625 61.8125 66.3125 61.8125 62 62.75 56.75 53.375 48.5625 50.125 45.75 48.625 52.5625 53.25 55.125 58.625 60.25 63.5625 61.625 62 62.3125 55.9375 56.5 59.25 62.5 63.625 58.9375 62.0625 56.625 48.3125 47.0625 46.25 41.5625 36.6875 40.25 52.0625 51.125 52.875 49.625 50.375 45.8125 48.3125 45.3125 51.3125 47.4375 47.5 44.8125 40.3125 44.875 57.9375 55.3125 42.8125 42.4375 48.5 42.3125 41.9375 39.75 35.9375 38.375 48.125 39.8125 47.875 50.1875 40.6875 42.9375 43.0625 44.1875 47.5625
62.125 58.875 58.125 61.5 60.5 61.375 59 56 57.25 55.25 50.375 43.5625 45.125 47.5 47.75 51.1875 50.875 51.875 52.1875 54.3125 60.5 57.6875 61.4375 56.25 51.75 55.9375 56.1875 61.0625 64.625 60.625 60.3125 58.75 57 42.9375 44.6875 49.8125 55 52 55.8125 55.375 54.0625 54.6875 50.3125 44.9375 45.9375 47.25 48.8125 51.6875 51.4375 51.25 41.5625 54 51.5 57 38.75 42.0625 42.3125 38.125 38.75 42.4375 43.875 37.9375 34.375 40.3125 42.625 42.375 56 61 53.75 57.25 56.0625
54.75 55.5 55.5 59.125 61.6875 60.3125 57.75 57.0625 54.375 56.25 53.9375 54.5 54.125 44.875 43.625 49.75 50.75 52.75 52.25 49.0625 58.8125 54.125 55 58.9375 58.9375 57.6875 57.5625 63.375 63.0625 62.375 61.5625 55.625 52.1875 43 38.5 39.9375 43.1875 54.125 51.75 55.75 55.3125 51.6875 51.4375 55.25 50.5 48.6875 50 49.1875 55.5 55.125 52.6875 57.4375 51.625 41 43.0625 60.5625 40.5 36.75 39.1875 41.8125 43.0625 50.375 48.9375 48.6875 41.75 39.625 46.9375 49.6875 41.8125 48.5 48.5625
56.1875 56.75 53.125 57.875 57.875 59.125 56.875 56 52.625 51.6875 56.1875 58.1875 59.625 49.3125 50 51.0625 49.625 53.375 52.3125 52.9375 55 56.75 50.8125 59.75 59.6875 59.625 58.75 57.5 52.875 53 60.8125 62.75 61.25 40.25 41.25 40.1875 44.8125 57.25 58.875 58.625 57.4375 52.1875 52.1875 52.0625 50.25 53.4375 52.25 54.8125 59 58.25 56.5625 52.875 49.0625 48.875 46.9375 58.4375 55.875 47 46.375 48.6875 52.1875 45.5 53.1875 60.3125 42.875 39.9375 34.75 36 30.8125 51.75 44.5
58.25 57.625 60.4375 60.25 58.0625 61.25 62.0625 54.75 51.75 53.875 53.4375 58.9375 58.5625 56.625 52.0625 52.1875 51 48.375 51.8125 52.5 51.3125 54.9375 56.0625 57.6875 61.5 62.8125 62.75 60.0625 57.25 61.0625 58.625 59.4375 60.5 56.5625 54.9375 47.6875 49.625 56.875 56.6875 57.9375 58.875 55.5625 52.625 57.875 55.625 54.25 56.5625 60.6875 57.9375 58.625 51.6875 47.75 52.875 52.75 46.3125 53.4375 52 55.0625 51.5 49.625 46.5625 40.25 46.8125 45.5625 63.5625 39.6875 35.625 23.5625 37.3125 31.8125 43.25
56.75 58.4375 58.1875 59.6875 59.5625 58.1875 54.875 54.0625 52.75 57 56.375 62.125 60.4375 59.5 56.9375 57 56.5625 52.75 54.1875 57.125 59.125 58.4375 61 63.9375 63.875 63.0625 65.9375 65.6875 65.4375 64.1875 60.125 59.4375 61.1875 62.375 61.1875 57.75 54.5625 53.9375 53.0625 60.6875 60.75 57.3125 56.125 58.25 57.0625 56.9375 58 49.75 57.75 57.4375 55.75 43.1875 51.5625 49.5625 53.6875 55.0625 53.0625 54.0625 54.375 51.375 47.8125 49.875 54.375 55.5625 57.0625 55.9375 44.6875 30.375 43.5625 43.0625 48.25
56.625 57.75 58.8125 59.4375 57.75 58.4375 60.125 61.0625 66 65.5625 63.375 63.875 66.0625 61.6875 60.3125 57.3125 56.875 54.375 55.25 60.625 60.5625 61.8125 60.9375 62.8125 63.25 65.875 66.5625 65 63 62.9375 61.6875 61.0625 61.1875 62.0625 62.3125 57.9375 58.125 56.0625 56.1875 47.375 55.75 52.625 52.5 54.8125 56.25 56.25 54.125 54.5 54.125 56.375 56.0625 56 51 49.5 48.625 52.6875 51.9375 54.5625 54.3125 52.125 54.1875 49.875 57.625 61.875 49.3125 59.1875 53.5 49 51.3125 49.4375 48.9375
57.5625 62.25 57.8125 58.6875 63.4375 64.4375 66.5 66.375 69.3125 65.25 67.25 65.875 66.3125 66.5625 61.1875 58 56.625 56 56.1875 58.6875 57.5625 58.6875 59.8125 62.0625 64.5625 67.6875 65.375 63.5625 63.5 64.5625 62.125 62.9375 62.375 61.8125 59.3125 56.8125 57.625 60.125 57.6875 55.25 58.3125 57.5625 53 52.5625 61.1875 61.0625 56.875 54.1875 52.625 57.0625 57 53.1875 48.0625 45.9375 52.4375 39.1875 39.9375 48.9375 52.25 52.0625 50.3125 49.5625 57 58.25 59.75 58.5 46.5 40.3125 42.5625 44.0625 46.375
63.3125 59.4375 59.375 64.6875 69 65.6875 63.0625 66.8125 68.875 66.8125 67.9375 67.3125 68.0625 63.0625 59.125 61.8125 62.25 59.3125 57.1875 57 58.25 60.1875 61 59.875 63.1875 64.5 63.4375 63.375 63.625 64.3125 62.375 63.25 62.125 61 59.4375 59.25 58.4375 58.375 55.4375 55 53.5 53.9375 55.0625 53.375 54.1875 53.5625 51 53.9375 53.3125 56.375 56.3125 51.875 46 47.1875 47.9375 46.75 48.875 48.75 47.3125 48.8125 54 53.4375 59 58.375 61 50.3125 47.9375 30.8125 33.75 29.375 31.5
58 59.5 63.125 64.1875 65.625 66.375 67.25 67 69.625 67.4375 68.25 67 65.5625 62.1875 63.75 62.375 60.625 60.75 59.6875 57.5 58.125 60.75 61.3125 62.9375 63.1875 65.25 58.1875 57.0625 61.75 64.125 64.75 63 61.125 60.3125 60.8125 58.5 58.8125 60.375 59.5 54.4375 55.0625 54.0625 52.0625 50 53.125 43.8125 44.1875 47.9375 54.5 56.1875 54.625 53.9375 53.125 57.1875 52.625 49.5 49.4375 50.625 50.0625 55.5625 54.625 58.9375 60.125 57.75 56.125 54 51.3125 40.375 45.9375 48.9375 37.25
57 57.1875 61.875 63.6875 62.6875 63.6875 68.5 67.875 68.9375 70.375 70 65.6875 64.6875 63.1875 64.75 63.9375 62.1875 61.3125 60.4375 58.4375 62.3125 62.375 59.4375 64.625 69.125 65.5 62.0625 62.75 63.5 63.75 65.5625 63.375 61.1875 61.75 60.6875 57.4375 57.375 54.8125 52.5625 49.625 55.1875 55.8125 52.5 49.25 51.75 46.1875 46.5625 54.625 51.6875 49.8125 50.25 54.9375 53 57.8125 58.125 55.9375 56.3125 55.8125 53.1875 52.4375 57.3125 58 61.25 56.1875 52.6875 54.6875 53.4375 51.6875 50.5 49.8125 45.25
61.125 60.375 59.0625 59.625 60.8125 60.25 61.3125 63.5625 67.0625 70.1875 68.5625 68.5 66.9375 65 66.0625 64.875 62.3125 61.625 62.0625 60.375 62 57.4375 61.8125 60.6875 65.6875 68 64.875 62.5625 64.6875 62 59.8125 63.1875 62 57.1875 62.9375 63 59.5625 59 57.625 54.875 53.1875 49.5625 55.0625 55.3125 53.1875 52.5 54.375 53.6875 51.0625 51.625 49 54.75 59.625 61.5625 64.3125 62.4375 49.25 51.8125 51.75 53.6875 53.1875 51.9375 53.75 56.875 54.0625 53.9375 52.1875 51.375 47.6875 49.75 47.125
64.375 62.875 59 60.625 61.25 63.5 63.4375 64.1875 66.75 61.75 69.5 68.75 66.5625 65.5 66.75 67 63.3125 62.3125 60.5 62.5 61.375 58.875 59.6875 59.4375 64.125 65.1875 65.4375 66.875 67.5 67.875 61.125 63.25 62.125 60.75 63.9375 63 61.375 62.75 61.1875 58.0625 43.25 48.625 55.375 55.1875 56.3125 54.625 54.75 53.8125 52.4375 50.25 50.8125 51.1875 57.625 57.25 55.875 55.0625 50.6875 51.8125 52.0625 48.5625 54.75 58.3125 53.8125 51.75 54.8125 57.6875 55.8125 56.5625 52.25 52.5 55.0625
65.125 63.5625 59.5 64.25 63.0625 63.5 64.625 67.6875 68.3125 71.8125 72.125 65.9375 69.375 70.25 67.125 70.3125 66.3125 63.875 60.25 61.0625 61.25 58.75 62.5 57.75 61.25 60.8125 64.5625 68.75 70.25 71.4375 67.75 62.3125 64.5625 62.9375 59.0625 61.5625 62.5 67.3125 59.5 54.125 48.1875 50.375 52.3125 55.875 56.3125 54.8125 49.25 52.375 46.9375 48.8125 49.0625 54.375 49.8125 52.375 55.4375 55.5 57 54.25 51.1875 53.4375 55.4375 57.75 57.4375 55.125 57.1875 57.5 49.1875 48.3125 49.625 54.3125 51.0625
