b_evi_r.asc
NCOLS 390 
NROWS 330 
XLLCORNER -114.010556502 
YLLCORNER 32.986236949 
CELLSIZE 0.0333547025948718 
NODATA_value -9999 
[rows 160 to 191 of 330, columns 213 to 283 of 390]
60.9375 57.625 61 46.25 44.8125 48.1875 51.875 81.5 88.3125 63 53 68.125 61.1875 49.875 100.75 84.8125 78.625 98.25 102.25 92.8125 85.875 57.1875 58.375 59.375 60.9375 66.375 61.625 58.25 59.5 56.3125 52.5625 64.9375 63.8125 68.25 69.6875 69.4375 69.5625 67.1875 64.375 61 65.25 62.0625 62.4375 63.125 64.875 66.5 59.4375 65.1875 58.1875 58.5625 60.25 54.6875 50.8125 51.1875 53 51.5 50.25 48.375 47.5 44.3125 45.6875 49.75 53.8125 54 50.375 56 48.4375 40.75 54.0625 54.75 56.1875
43.75 59.0625 62.75 49.3125 40.4375 37.3125 39.1875 43.75 51.9375 43.5625 47 49.875 52.375 52.625 63.875 83.5 98.3125 94.0625 81.8125 96.5 93.375 49.4375 56 60.3125 71.75 64.1875 62.75 60.625 64.3125 62.0625 54.375 56.75 56.5625 54.9375 52.5 46.6875 57.9375 52.8125 57.3125 56.3125 62.5 61.1875 61.6875 62.375 60.75 60.375 59.625 58.6875 54 57.4375 62.875 51.1875 49.125 51.1875 54.0625 51.875 49.6875 49.25 45.5625 41.6875 46.9375 48.0625 56.125 60 56.5 52.5625 44.6875 48.875 51.8125 52.0625 60.25
51.4375 64.4375 63.75 57.625 44.5625 40.75 45.5 50.9375 49.125 46.75 45.0625 39.9375 47.125 54.875 71.125 93.125 91.5 90.75 86.9375 62.375 56.5625 48.75 59 63.3125 71.1875 49.75 67.875 61.5625 61.875 60.75 53.625 54.8125 53.125 53.8125 50.1875 49.875 57.9375 56.4375 52 53.25 57.875 59.6875 56.75 55.9375 59.0625 52.6875 52.3125 56.8125 53.5625 59.875 57.6875 52.5 46.3125 51.6875 50.4375 47.5 48.25 46.9375 47.5 50.75 54.875 51.25 58.4375 63.25 57.125 58.4375 49.375 43.625 46.3125 49.1875 53.6875
58.5 66.125 70.375 65.5625 62.875 58.75 60.625 60.6875 53.25 40 42.8125 41.375 38.375 52.8125 59.25 49.375 81.9375 72.875 52.875 51.0625 54.375 62.5625 65.625 62.25 58.125 44.875 48.9375 61.9375 60.375 57.25 55.0625 57.1875 54.5625 54.5 50.125 50.8125 56.5 63.375 59.9375 52.625 64.375 61.8125 57.625 52.4375 60.3125 58.5 53.875 52.6875 59.25 61.75 56.5625 59.125 44.8125 48.875 49.9375 51.25 52.6875 48.4375 52.875 58.9375 60.0625 56.375 54.875 65.6875 58.75 61.875 53.0625 54.8125 38.0625 48.3125 50.5625
70.8125 66.0625 58.25 63.125 57.4375 59.25 58.125 56.0625 63 52.25 48.6875 48.4375 49.25 48.5625 53.6875 55.6875 84.6875 74.1875 54.5 50.125 46.375 54.1875 54.25 52.5625 45.75 48.5625 55.8125 66.9375 61.125 61.4375 60.75 65 63.3125 59.4375 56.25 53.25 59.6875 57.125 58.4375 64.875 57.375 51.4375 53.375 48.9375 58.625 59 61.125 54.25 54.375 62.25 62.5625 57.25 54.9375 55.125 56.5 58.625 56.625 56.125 56.3125 62.125 62.875 61.8125 59.6875 66.375 65.875 61.0625 53.5 54.0625 40.3125 52.4375 56.875
71.9375 70.375 69.625 70.375 64.125 64.8125 62.6875 65.6875 70.125 59.8125 56.375 56.375 48.4375 45.0625 44.5 49.5 53.75 69.75 86.5 76.6875 52.625 44.9375 52.8125 56.375 59.3125 56.9375 58.6875 60.9375 62.25 62.3125 63.25 66.3125 64.0625 61.0625 53.75 50.8125 55.5625 52.4375 48.8125 49.6875 56.3125 50.375 49.3125 52.625 52.5 67 67.5625 59.75 58.125 61.5625 52.8125 61 60.375 62.6875 58.625 62.3125 63.375 59.5 60.75 67.25 62.9375 58.1875 64.5625 64.125 67.375 68.4375 50.625 48.5625 50.0625 48.9375 58.875
68.9375 63.9375 63.75 70.5 71.0625 71 71.5625 56.875 58.3125 53.5 65.1875 62.0625 50.75 44.5 46.4375 51.5 52.375 54.625 64.75 84.3125 85.375 58.5625 48 59.8125 54.9375 47.0625 53.125 53.25 50.6875 55.25 57.4375 62.9375 62.1875 66.25 53.1875 52.1875 53.25 53.0625 55.5 53.3125 60.75 57.5625 59.4375 51.1875 50.6875 61.9375 64.9375 63.5625 55.375 65.75 49.9375 44.4375 63.75 63.75 62.5 57.1875 61.125 58.8125 68.9375 68.8125 69.3125 64.6875 63.8125 68.4375 63.6875 61.3125 53.75 49.3125 55.5 50.8125 64.1875
66.125 66.8125 61 67.75 67.4375 69.9375 69.25 53.6875 58.5625 51.5625 50 44.25 57.375 49.4375 49.3125 52.875 45.9375 55.0625 65.8125 74.25 88.6875 62.6875 52.5625 61 61.25 62.8125 50.8125 61.6875 66.625 48.6875 45.9375 52 50.125 68.3125 51.9375 49.5 53.4375 50.5 60.9375 64.0625 61.875 53.6875 51.75 48.5625 52.25 56.0625 64.8125 63.125 58.125 64.0625 53.1875 44.0625 50.875 66.125 68.875 66.6875 62.6875 48.6875 66.375 72.5 74.75 75.375 70.375 70.125 64.8125 67.0625 55.8125 51.5 60.6875 53.875 63.6875
55.75 55.25 58.5625 69.25 69.375 71.5625 69.75 61.9375 53.25 59.125 59.0625 59.375 50.3125 51.625 52.375 52 50.875 46.8125 48.375 51.6875 48.25 49.125 48.25 52.125 53.625 60.6875 62.5 55 86.25 81.8125 59.5 43.0625 49.75 60.1875 55.8125 52.6875 61.75 57.5625 54.75 58.25 54.9375 52.5625 53.0625 53.5 47.25 51.5625 59.75 55 50.5 57.5 63.5 61.125 63.5 59.1875 52.625 64.8125 69.4375 67.5 66.375 72.6875 72.6875 68.5 68.4375 67.125 57.75 47.9375 61.1875 57.875 58 59.8125 63.3125
45.875 48.5625 46.1875 63.125 68.5 67.875 65.1875 64.3125 45.9375 48.1875 54.0625 46.9375 39.0625 42.8125 49.1875 42.75 42.3125 42.125 43.4375 65.9375 65.4375 71.125 55.9375 59.4375 51.8125 56.75 64.5 61.3125 58.8125 64.625 97.9375 60.9375 48.0625 47 43.875 53.375 53.5 55.1875 51.4375 54.0625 51.375 56.4375 60 62.6875 57.5625 59.4375 60.625 55.0625 47.5625 46.75 55.125 59.5625 62.5 58.625 64.75 59.8125 64.4375 67.8125 66.6875 67 72.1875 69.0625 64.375 55.5 44.5625 43.125 55.5625 59.6875 59.875 60.875 65.5625
42.625 41.9375 45.75 58.3125 69.4375 57.9375 48.25 49.3125 51.125 48.5625 44.375 55.9375 67.9375 61.4375 47.875 50.5625 61.8125 46.5625 42.5 45.3125 91.125 59.8125 50.5 62.75 64.1875 51.25 65.1875 51.4375 55.0625 61.8125 71.625 71.3125 45.875 38.75 41.5625 40.875 43.3125 49.0625 57.25 52.375 50.375 54.125 56.75 60.5 58.5625 57.375 59.125 54.5625 50.5 47.3125 47.0625 56.5 61.4375 62.6875 59.25 45.0625 50.0625 54.3125 67.4375 65.5 66.375 67.6875 70.3125 62.3125 60.5625 64.5 59.25 64.0625 58.5625 57.1875 61.9375
54.1875 68.875 52.25 60.4375 68.375 72.6875 67.1875 52.25 45.3125 47.3125 54.0625 59.1875 50.125 54.6875 56.5 70.75 76.4375 54.0625 52.9375 48.625 68 54.5 52.1875 53.6875 59.9375 52.75 64.875 67.5625 61.8125 65.4375 63.0625 57.9375 58.0625 52.1875 38.9375 41.375 44.9375 51.9375 33.6875 43.1875 46.25 57.5 62.6875 60.8125 61.3125 55.5625 54.875 58.1875 56.9375 50.875 46.125 46.4375 52.25 58.8125 57.5625 46.1875 52.1875 52.8125 59.5 60.75 63.0625 62.9375 73.75 76.875 68.0625 73.9375 63.8125 60.5625 61 60.75 62.8125
55.8125 54.3125 51.5625 66.375 61.125 65.8125 64.5 67.0625 59.0625 56.4375 54.25 51.375 60.125 59.1875 56.5625 56.375 54.875 60.75 66.75 61.375 51.5 51.6875 47.75 52.5 56.625 56.6875 64.375 70.25 62.9375 59.6875 58.6875 62.125 50.625 71.3125 61.25 69.875 47.875 56.5 42.5 39.125 51.75 59.6875 63.75 58.5 61 56.6875 54.6875 59.9375 58.0625 48.8125 44.125 42.25 43.3125 49.75 48.1875 44.5625 58.0625 55.1875 52.625 54.5625 58.5625 52.375 55.3125 64.75 82.25 76 56.625 51.6875 61.1875 62.25 46.5
52 54.9375 58.375 67.9375 63.1875 63.8125 59.5 67.4375 58.6875 53.3125 49.0625 53.75 66.25 70.25 68.625 69.4375 67.25 68.8125 70.25 68.25 58.375 52.0625 48 55.25 65.125 62.875 56.6875 64.0625 67.5 67.1875 53.3125 67.625 62.1875 53.5 95.3125 95.75 55.125 39.25 46 47.6875 48.6875 61.125 62.5625 60.5 59.1875 57.3125 55.625 54.75 62.25 58.5625 44.9375 44.0625 46.5625 41.875 45.9375 52.1875 55.4375 54.5625 51.75 53.9375 55 58.375 62.1875 67.5625 71.75 64.75 58.75 51.9375 55.875 62.375 47.5625
47.625 56.4375 58.5625 59 64.8125 68.75 74.5 69.625 56.75 49.625 48 57 65.5 74.625 73.625 70.3125 71.3125 73.5 66.3125 66.75 64.5625 62.625 59.0625 55.0625 57.0625 57.25 60.5 64.5 69.5625 72.6875 46.125 60.1875 62.25 46.875 50.25 83.1875 94.625 50.8125 44.5 52.375 53.3125 38.6875 46.125 57.4375 56.9375 59.9375 53.5625 54.5 61.5625 55.875 50.3125 48.0625 48.8125 45.875 43.625 43.875 45.5 48.5 56.5 56.375 55.875 57.375 61 59.6875 55.75 47.1875 53.125 42.8125 40.0625 46.3125 56.9375
55.375 54.875 51.0625 63.0625 64.5 63.625 72.375 60.9375 55 47.6875 54.1875 63.6875 69.875 71.5 69.9375 72.8125 72.375 62.1875 66.0625 63.4375 65.75 69.9375 67.75 58.5 59.1875 63.375 72.3125 71.3125 71.3125 67 63.125 63.9375 66.125 54.8125 45.9375 60.875 83.8125 88.875 40.4375 51.875 56.0625 39.0625 34.5625 62.1875 66 64.5625 59.25 54.5 59.1875 53 55.3125 52 47.3125 44.8125 44.9375 47.0625 52.0625 45.8125 47.5625 48.1875 51.125 55.125 54.875 48.625 52.9375 59.9375 55 56.75 58.375 53.75 39.25
56.625 60.375 59.4375 59.875 57.1875 58.8125 57.3125 54.1875 54.0625 54.375 58.625 68.75 62.5 62.875 70.375 64.25 63.25 70 71.25 60.75 56.5 71.9375 74.8125 72 69.5 70.8125 74.0625 69.625 74.5625 56.0625 49 63 62.9375 60.4375 53.3125 67 87.25 100.375 59.0625 44.3125 43.75 29.625 27.25 49.5 62.625 61.5 57.625 62.25 56.625 49.5625 51.0625 49.5625 51.9375 47.875 46.625 45.5 44 39.8125 46.0625 49.25 46.75 52.8125 55.6875 58.4375 52.125 58.5625 59 64.5625 67.1875 66.0625 62.5
64.125 62.75 61.8125 60.6875 61.375 65.4375 64.125 60.125 58.1875 60.4375 62.9375 69.6875 67.375 67.5625 62.75 62.25 68.0625 67.5 60.0625 60.4375 59.1875 41.5 44.1875 47.4375 60.9375 64.375 76.6875 74.8125 78.1875 68.0625 56.8125 62.8125 66.25 65.25 54 56.375 93.0625 98.625 84 44 41.875 48.5625 52.5625 40 58.8125 62.625 57.9375 60.375 50.6875 45.6875 41.625 48.0625 45.5 50.4375 49.875 47.4375 40.8125 34.5625 40.5 48.0625 49.25 45.8125 56.0625 62.4375 56.375 57.625 63.625 64.125 70.4375 69.1875 65.0625
71.6875 62.125 63 62.6875 68.1875 70.5625 70.5625 69 61.8125 63.3125 63.1875 62 64.6875 59.1875 60.1875 59.5 52.625 58.1875 56.9375 64.4375 68.25 72.25 69.625 36.5 36.625 51.875 52.6875 64.625 77.125 76.125 66.0625 67.8125 60.0625 60.9375 64.5625 57.375 48.375 76.625 96.375 76 44.25 53.375 40.6875 33.375 28.875 60.3125 60.25 59.3125 55.9375 53 42.5625 47.5 49.6875 50.5625 49 44.6875 42.0625 36.5625 39 47.25 49.75 51.125 49.625 60.0625 61.6875 64.125 62.9375 62.375 68.1875 58.6875 58.125
80.125 74.75 62.75 68.25 67.6875 66.5625 71.625 71.4375 62.8125 58.125 60.0625 58.3125 57.75 58.9375 59.5 59 62.75 53.1875 57.125 59.5625 63.8125 71.75 70.25 52.6875 44.25 60.75 49.8125 56.75 70.0625 76.0625 62.875 54.6875 62.0625 68.9375 71.5 66.625 53.625 53.9375 90.25 96.0625 60.1875 40.75 44.8125 40.5625 42.8125 49.25 64.5625 64.5 62.3125 54.5625 54.4375 49.5 48.625 50.0625 51.0625 47.75 41.375 33.1875 36.1875 33.875 42.9375 47.25 52.25 56.875 59.0625 55.3125 61.5625 60.1875 64 56.5625 51.5625
92.875 80.75 73.25 68.4375 62.125 65.875 63.375 68.1875 60.75 62.1875 60.9375 60.375 61.375 60.5 60.25 58.875 59.5625 58.625 58.8125 64.25 65.8125 73.0625 62.5625 58.875 57.1875 67.125 72.9375 71.25 52.3125 63.75 60.5625 61.5 61.4375 56.3125 69.875 71.3125 60.375 55.625 69.0625 103.5625 96.75 65.625 37.375 49.9375 53 58.875 60.6875 62.5 63.5625 65.8125 63.5 58.875 45.4375 51.3125 50.3125 49.1875 43.4375 36.8125 30.3125 29.375 40.875 45.8125 51.5 59.1875 51.75 53.625 56 59.875 64.375 64.75 52.125
96.3125 97.0625 86.75 66.0625 62.5 71.1875 62.3125 59.1875 60.1875 75.3125 67.125 59.3125 58.75 56.75 59.375 60.5 58.9375 63.5 68.0625 69.125 71.1875 72.5625 73.9375 72.125 70.0625 75.8125 77.1875 74.25 64.4375 60.6875 69.0625 70.75 49.75 62.4375 68.25 71 70.625 60.0625 55.5 87.625 99.4375 80.5 44.4375 47.75 59.375 57.5 57.9375 59.9375 61.1875 59.625 56 54.25 48.4375 51.9375 63 60.5625 46.9375 40.625 39.6875 31.75 34.6875 46 42.125 50.5625 53.3125 53.3125 60.25 63.375 63.125 59.875 49.875
69 97.625 95.5625 90.125 82.9375 66.375 62.375 65.5 82.5 80.5 74.25 69.5 55.75 59.3125 61.375 62.875 60.25 63.375 68.25 70.25 73.0625 63.75 73.9375 65.8125 75.625 77.5 80.5 74.5625 67.3125 72.25 71.25 66.875 69.5 59.75 57.1875 68.0625 75.25 71.8125 55.5625 72.875 92.125 80.75 46 42.125 48.125 53.625 61.875 60.5625 59.8125 56.5 53.625 53.375 50.0625 50.25 48.625 54.5 60.625 42.5 36.8125 35.5625 37 43.875 48.375 49.5 54.8125 56.9375 57.75 61.125 63.375 60.875 52.5625
70.3125 76.5625 68.1875 73.6875 90.8125 95 85.9375 85.125 86.5 64.75 61.625 63.75 59.125 57.125 61.3125 58.5625 68.375 68.0625 69 73.6875 72.75 47.625 55.375 62.5625 69.25 71.75 72.3125 77.875 79.1875 80.0625 73.9375 69.1875 76.5 70.5 64.125 78.1875 76.875 75.5625 62.3125 55.0625 69.875 60.25 66.625 56.8125 39.9375 44.125 50.75 52.75 54.5 56.9375 58 58.6875 60.25 52.5625 50.375 44 61.4375 50.3125 38.5 35.25 40.5 48.75 56.25 54.3125 53.5 54 54 57.1875 58 56.125 55.75
65.375 61.6875 61.5625 66.5 69.4375 68.4375 78.5 94.125 66.625 64.5 63.8125 58.875 58.75 56.5 60.1875 62.1875 65.375 65.6875 66.6875 67.875 68.125 22.375 57.625 65.6875 62.75 63.875 59.3125 79.3125 79.9375 68 78.125 78 73.8125 80.1875 78 78.3125 81 81.0625 77.9375 68.4375 49.375 55.3125 85.75 53.875 42.8125 45.125 52.4375 44.3125 55.625 54.25 60.3125 65.5 63.5625 54.375 53.125 47.5625 45.25 51.6875 44 42.25 49.375 47.0625 46.25 51.5625 62.75 60.875 62.5625 50.875 51.625 49.1875 54.4375
66.75 70 63.5625 60.25 63.25 67.25 74.5 84 62.4375 57.5625 65.75 60.875 63.75 68.125 61.9375 64.5625 68.25 68.75 71.875 41.625 35.5 20.25 28.5 37.8125 51.0625 49.125 79.125 70.0625 67.5 52.375 74.9375 81.625 78.0625 74.625 74.9375 76.375 79.5625 81 83.25 86.8125 83.4375 66.5 51.3125 54.6875 41.9375 48.25 52.0625 55 60 63.9375 68.25 69.4375 66.5 64.3125 60 60.375 48.5 55.125 48.9375 58.5 58.3125 60.75 58.125 53.6875 56.1875 59.75 59.5625 56.6875 50.625 52.9375 56.9375
53.6875 55.0625 61.3125 58.6875 63.3125 63.9375 60.6875 65.375 63 55.5625 68.125 64.375 64.25 62.625 69.5 70.9375 73.375 74.75 78.75 77.1875 57.5 28.5625 38.75 55.625 60.5 69.125 74.8125 70.125 64.125 53.4375 57.6875 79.125 85.125 78.5625 76.9375 76.375 79.875 82.625 81.4375 84.9375 92.75 92 60 55.6875 46.5 57.75 53.125 60.625 63.625 66.5 65.3125 58.1875 59.6875 72.625 68.1875 69 55.0625 52.875 57.25 60.625 63.375 62.5625 56.5 53.5625 57.1875 58.1875 54.0625 53.625 58 60.8125 61.4375
68.875 54.75 58.375 51.875 50.5625 56.4375 53.125 58.125 55.9375 59.1875 56 55.8125 68.9375 67.9375 72.625 75.5 73.875 74.875 75.5625 49.3125 22.375 36.375 26.9375 37 59.4375 63.75 56.5625 73.5625 56.8125 57.4375 64.75 69.375 81.8125 82.25 79.5 71.9375 73.4375 74.0625 79.75 84.9375 92.0625 92.0625 55.4375 45.75 54 61.4375 56.625 65.5 61.125 53.0625 52.6875 68.75 66.8125 63.125 63.125 65.125 62.625 66.625 59.25 56.25 57 54.8125 52 54.6875 54.125 54.875 61.3125 64.0625 65.1875 63.8125 58.25
62.375 52.4375 55.6875 59.75 55.375 57.5 58.4375 57.3125 58.8125 59 64.25 67.75 71.3125 65.0625 72.5 74.3125 71.5 66.375 50.375 46.875 24.25 31.9375 33.5 44.875 63.8125 58.125 63.5 69.5 72.0625 69.5625 69.8125 63.1875 72.625 80.5 81.375 68.4375 52.5625 62.1875 72.375 79.875 82.8125 69.25 48.5625 40.125 54.3125 55.875 51.875 48.8125 50.4375 59.0625 57.125 58.25 65.6875 64 65.875 56.375 59.875 60.6875 59.25 63.8125 64.1875 64.125 61.625 59.125 56.6875 57.5 55.375 60.375 59.875 62.5 58.125
59.8125 56.125 56.125 63.6875 64.375 52.75 54.125 58.5625 60 62.125 56.1875 53.6875 42.5 35.875 51.25 46.9375 52.25 45.9375 32.0625 26.8125 36.875 32.0625 38.875 49.0625 50.75 54.5 60 69.25 78.3125 71.0625 56.5 59.125 65.375 80.625 83.5625 76.9375 75 77.4375 72.625 79 74.5 50.6875 56 45.8125 51 56.875 53.75 51.5 48.125 48.4375 44.8125 56.5 44.75 54.9375 57.1875 60.5625 64.25 64.1875 61.5625 62.75 65.25 63.875 61.0625 54.125 51.625 54.8125 55.9375 55.8125 66.125 61.0625 57.5
57.625 63.5 65.8125 68.125 59.375 50.5625 51.8125 60.125 58.1875 55.375 51.5 56.4375 65.875 66.125 51 51.9375 62.6875 63.875 54.9375 53.9375 40.25 31.8125 50.125 47.1875 54.0625 53.5625 62.125 53.75 71.4375 73.3125 57.6875 57.8125 56.75 74.375 83.4375 83.375 80.5 75.3125 77.6875 69.3125 63.625 47.25 53.6875 38.125 46.5 48 58.5 50.875 41 39.875 32.375 40.625 39 39.75 43.4375 52.4375 59.375 56.25 60.1875 60.625 64.125 63 62.9375 59.9375 53.6875 47.5625 46.75 54.25 63.875 60.5 60.75
65.875 70.5625 65.5625 70.875 53.4375 49.625 54.25 58.5625 62.625 49.375 44.625 36.6875 46.9375 57.8125 55.625 67.625 63.125 68.375 72.25 75.3125 58.0625 36.375 41.625 48.125 52.875 53 45.0625 59.4375 69.75 73.25 62.3125 64.9375 67.3125 79.625 83.0625 84.5625 81.1875 76.625 74.3125 69.8125 56.1875 57.125 95.125 72.875 50.5 42.9375 49.75 45.1875 49.25 44.4375 42.6875 36.625 40.6875 40.75 43.625 41.6875 57.0625 57.3125 57.25 59.25 60.75 61.6875 59.75 59.6875 52.125 53.875 58.4375 58.75 67.625 62.9375 61.4375
