b_HostWS.asc
NCOLS 390 
NROWS 330 
XLLCORNER -114.008545134 
YLLCORNER 32.991922429 
CELLSIZE 0.0333547025948718 
NODATA_value -9999 
[rows 280 to 299 of 330, columns 176 to 219 of 390]
0.231146150975615 0.231373058917324 0.231599872338243 0.231826587451178 0.232053200643947 0.23227970848682 0.232506107739339 0.232732395356429 0.232958568493878 0.233184624513053 0.233410560984965 0.233636375693582 0.233862066638438 0.23408763203653 0.234313070323492 0.234538380154081 0.234763560401979 0.234988610158895 0.235213528733058 0.235438315647036 0.235662970634969 0.235887493639224 0.236111884806485 0.236336144483331 0.236560273211332 0.236784271721668 0.237008140929365 0.237231881927103 0.237455495978721 0.237678984512371 0.237902349113435 0.238125591517173 0.238348713601194 0.238571717377749 0.238794604985898 0.239017378683583 0.23924004083963 0.239462593925736 0.239685040508438 0.239907383241117 0.240129624856065 0.240351768156621 0.240573816009426 0.240795771336794
0.231138400276052 0.231365157578247 0.231591824667155 0.231818397945305 0.232044873979934 0.232271249509996 0.232497521452559 0.232723686908611 0.232949743168194 0.233175687714914 0.233401518229784 0.233627232594397 0.233852828893443 0.234078305416546 0.234303660659456 0.234528893324578 0.234754002320862 0.234978986763062 0.235203845970396 0.235428579464605 0.235653186967437 0.235877668397607 0.236102023867218 0.236326253677707 0.236550358315323 0.236774338446184 0.236998194910922 0.237221928718976 0.237445541042558 0.237669033210302 0.237892406700682 0.238115663135167 0.238338804271199 0.238561831995013 0.238784748314319 0.239007555350879 0.239230255333037 0.239452850588195 0.239675343535283 0.239897736677256 0.240120032593623 0.240342233933058 0.240564343406086 0.240786363777898
0.23113087322707 0.23135748628647 0.231584013231101 0.231810450643207 0.232036795260078 0.232263043980657 0.232489193871565 0.232715242172577 0.23294118630148 0.233167023858341 0.233392752629176 0.233618370588954 0.233843875904045 0.234069266934001 0.234294542232734 0.2345197005491 0.234744740826856 0.234969662204071 0.235194464011912 0.235419145772936 0.235643707198817 0.235868148187546 0.236092468820197 0.236316669357179 0.236540750234086 0.23676471205713 0.236988555598197 0.237212281789573 0.237435891718327 0.23765938662044 0.237882767874659 0.238106036996156 0.238329195629951 0.238552245544245 0.238775188623555 0.238998026861793 0.239220762355261 0.23944339729561 0.239665933962769 0.239888374717892 0.240110721996354 0.240332978300768 0.240555146194121 0.240777228292975
0.231123562270815 0.231350037199825 0.231576429914524 0.231802737167396 0.232028955856948 0.232255083033887 0.232481115906832 0.232707051847455 0.232932888395087 0.233158623260766 0.233384254330711 0.233609779669215 0.233835197520971 0.234060506312819 0.234285704654911 0.234510791341329 0.234735765350115 0.234960625842776 0.235185372163256 0.235410003836375 0.235634520565786 0.23585892223144 0.236083208886601 0.236307380754428 0.236531438224145 0.236755381846837 0.236979212330865 0.237202930536997 0.2374265374732 0.237650034289173 0.237873422270651 0.238096702833481 0.238319877517524 0.238542947980392 0.238765915991066 0.238988783423419 0.239211552249648 0.239434224533675 0.239656802424521 0.23987928814969 0.240101684008557 0.240323992365818 0.240546215645017 0.240768356322136
0.231116460108768 0.231342802748845 0.231569066887283 0.231795249437896 0.232021347452026 0.232247358124383 0.232473278798413 0.23269910697115 0.232924840297589 0.233150476594494 0.233376013843724 0.233601450194984 0.233826783968064 0.234052013654525 0.234277137918868 0.234502155599155 0.23472706570712 0.234951867427767 0.235176560118468 0.235401143307576 0.235625616692575 0.235849980137785 0.236074233671608 0.236298377483417 0.236522411920017 0.236746337481757 0.236970154818322 0.237193864724193 0.237417468133825 0.237640966116588 0.237864359871445 0.238087650721452 0.238310840108065 0.238533929585306 0.238756920813788 0.238979815554664 0.239202615663474 0.239425323083968 0.239647939841887 0.239870468038732 0.240092909845577 0.240315267496885 0.240537543284411 0.240759739551161
0.231109559692623 0.231335775626951 0.231561916594255 0.231787979661226 0.232013962024152 0.232239861014379 0.2324656741034 0.232691398907416 0.232917033191476 0.233142574873096 0.233368022025404 0.233593372879776 0.233818625827983 0.234043779423823 0.234268832384274 0.234493783590136 0.234718632086192 0.234943377080889 0.235168017945574 0.235392554213234 0.235616985576847 0.235841311887259 0.236065533150725 0.236289649525991 0.236513661321073 0.236737568989662 0.236961373127229 0.237185074466821 0.237408673874603 0.237632172345127 0.237855570996419 0.238078871064831 0.238302073899747 0.238525180958128 0.238748193798942 0.238971114077494 0.239193943539668 0.239416684016138 0.23963933741653 0.23986190572358 0.240084390987301 0.24030679531918 0.240529120886419 0.240751369906249
0.231102854215509 0.23132894878106 0.231554971745296 0.231780920319834 0.232006791838417 0.232232583762079 0.232458293683922 0.232683919333434 0.232909458580403 0.233134909438344 0.233360270067482 0.233585538777281 0.233810714028495 0.234035794434748 0.234260778763662 0.234485665937517 0.23471045503347 0.234935145283295 0.235159736072722 0.235384226940342 0.235608617576083 0.235832907819318 0.236057097656576 0.236281187218898 0.23650517677885 0.23672906674722 0.236952857669406 0.237176550221525 0.237400145206279 0.237623643548565 0.237847046290891 0.238070354588594 0.238293569704904 0.238516693005841 0.238739725955021 0.238962670108348 0.239185527108624 0.239408298680123 0.239630986623107 0.239853592808349 0.240076119171645 0.240298567708347 0.240520940467951 0.240743239548723
0.231096337103518 0.231322315402501 0.231548225305633 0.231774064161927 0.231999829435522 0.232225518710541 0.232451129695607 0.23267666022792 0.232902108276942 0.233127471947664 0.233352749483436 0.233577939268368 0.23380303982931 0.234028049837374 0.234252968109037 0.234477793606817 0.234702525439514 0.234927162862041 0.235151705274845 0.235376152222933 0.235600503394506 0.235824758619232 0.236048917866156 0.236272981241269 0.23649694898477 0.236720821468005 0.236944599190127 0.237168282774508 0.23739187296488 0.237615370621273 0.237838776715743 0.238062092327926 0.238285318640419 0.238508456934037 0.238731508582943 0.238954475049687 0.239177357880164 0.239400158698519 0.239622879202011 0.239845521155862 0.240068086388093 0.240290576784399 0.240512994283027 0.240735340869718
0.231090002007557 0.231315868918299 0.231541670486589 0.231767404191719 0.231993067621532 0.232218658477014 0.232444174576532 0.232669613859692 0.232894974390837 0.233120254362125 0.233345452096221 0.233570566048604 0.233795594809437 0.234020537105053 0.23424539179904 0.234470157892903 0.234694834526352 0.234919420977189 0.235143916660804 0.235368321129335 0.235592634070413 0.235816855305607 0.236040984788508 0.236265022602504 0.236488968958251 0.236712824190845 0.236936588756755 0.237160263230468 0.237383848300935 0.237607344767776 0.237830753537319 0.23805407561845 0.238277312118314 0.238500464237876 0.238723533267376 0.238946520581691 0.239169427635603 0.239392255959033 0.239615007152213 0.239837682880856 0.240060284871301 0.240282814905675 0.24050527481709 0.240727666484861
0.231083842795486 0.231309602982783 0.231535300736682 0.231760933660031 0.231986499458056 0.232211995942692 0.232437421036581 0.232662772776716 0.232888049317743 0.233113248934885 0.233338370026505 0.233563411116288 0.233788370855047 0.234013248022152 0.234238041526586 0.234462750407612 0.234687373835086 0.234911911109396 0.235136361661045 0.235360725049884 0.235585000964008 0.235809189218336 0.236033289752853 0.236257302630575 0.236481228035214 0.236705066268582 0.23692881774773 0.237152483001865 0.237376062669032 0.237599557492604 0.237822968317578 0.238046296086726 0.238269541836568 0.238492706693244 0.238715791868257 0.23893879865413 0.239161728419983 0.239384582607059 0.239607362724195 0.239830070343288 0.240052707094726 0.240275274662837 0.240497774781364 0.240720209228963
0.23107785354453 0.231303511469488 0.231529109733059 0.231754646055285 0.231980118252797 0.232205524242883 0.232430862047272 0.232656129795574 0.232881325728397 0.233106448200126 0.233331495681353 0.233556466760957 0.233781360147834 0.234006174672279 0.234230909287003 0.23445556306781 0.234680135213929 0.234904625047989 0.235129032015682 0.235353355685084 0.235577595745664 0.235801752006983 0.236025824397107 0.236249812960721 0.236473717856991 0.236697539357161 0.236921277841911 0.237144933798498 0.237368507817673 0.237592000590425 0.237815412904535 0.238038745640973 0.23826199977017 0.238485176348132 0.238708276512481 0.238931301478388 0.239154252534428 0.239377131038382 0.239599938412992 0.239822676141702 0.240045345764353 0.240267948872921 0.240490487107235 0.240712962150739
0.231072028533993 0.231297588463378 0.231523091373247 0.231748535094826 0.231973917550478 0.232199236757556 0.232424490831954 0.232649677991369 0.232874796558251 0.233099844962417 0.233324821743389 0.233549725552353 0.233774555153828 0.233999309426986 0.234223987366649 0.234448588083962 0.234673110806735 0.234897554879465 0.235121919763058 0.235346205034228 0.235570410384614 0.235794535619591 0.236018580656828 0.236242545524553 0.236466430359583 0.236690235405113 0.236913961008263 0.237137607617429 0.237361175779433 0.237584666136474 0.237808079422947 0.238031416462066 0.238254678162389 0.238477865514198 0.238700979585788 0.238924021519668 0.239146992528668 0.239369893892015 0.239592726951349 0.239815493106706 0.240038193812495 0.240260830573463 0.240483404940681 0.240705918507534
0.231066362238204 0.231291828253352 0.23151723976724 0.231742594716585 0.231967891124133 0.232193127102278 0.232418300856416 0.232643410688035 0.232868454997493 0.233093432286512 0.23331834116038 0.233543180329835 0.233767948612648 0.233992644934899 0.234217268331955 0.234441817949106 0.234666293041959 0.234890692976469 0.235115017228723 0.235339265384418 0.235563437138053 0.235787532291872 0.236011550754529 0.236235492539504 0.236459357763295 0.23668314664336 0.236906859495864 0.237130496733214 0.237354058861418 0.237577546477251 0.237800960265282 0.238024300994745 0.23824756951628 0.238470766758565 0.23869389372484 0.238916951489349 0.239139941193696 0.239362864043167 0.239585721302991 0.239808514294563 0.240031244391665 0.240253913016669 0.24047652163675 0.240699071760118
0.231060849319743 0.231286225325016 0.231511549229847 0.231736819071065 0.231962032966718 0.232187189119487 0.232412285819852 0.232637321449006 0.232862294481489 0.23308720348755 0.233312047135241 0.233536824192203 0.233761533527193 0.233986174111301 0.234210745018899 0.234435245428276 0.234659674622033 0.234884031987155 0.235108317014831 0.235332529300003 0.235556668540647 0.235780734536809 0.236004727189384 0.236228646498677 0.236452492562712 0.236676265575361 0.23689996582424 0.23712359368843 0.237347149636026 0.237570634221496 0.237794048082927 0.238017391939086 0.238240666586401 0.238463872895805 0.238687011809481 0.238910084337538 0.239133091554599 0.239356034596351 0.239578914656024 0.239801732980865 0.240024490868561 0.240247189663684 0.240469830754119 0.240692415567502
0.231055484622884 0.231280774353743 0.231506014273372 0.231731202513629 0.231956337283059 0.232181416870122 0.232406439646193 0.232631404068289 0.232856308681587 0.233081152121654 0.233305933116429 0.233530650487936 0.233755303153734 0.233979890128096 0.234204410522911 0.234428863548338 0.234653248513174 0.234877564824979 0.235101811989927 0.235325989612411 0.235550097394414 0.235774135134617 0.235998102727301 0.236222000161016 0.236445827517027 0.236669584967597 0.236893272774015 0.237116891284511 0.237340440931962 0.237563922231443 0.237787335777658 0.23801068224221 0.238233962370769 0.238457176980135 0.238680326955188 0.238903413245781 0.239126436863545 0.239349398878636 0.239572300416458 0.239795142654325 0.240017926818122 0.240240654178932 0.240463326049692 0.240685943781831
0.231050263167305 0.231275470197962 0.231500629600536 0.231725739597087 0.231950798482112 0.232175804625581 0.232400756475776 0.23262565256187 0.232850491496298 0.233075271976887 0.233299992788726 0.233524652805806 0.233749250992397 0.233973786404188 0.234198258189155 0.234422665588207 0.234647007935557 0.234871284658863 0.235095495279129 0.235319639410358 0.235543716758984 0.235767727123076 0.23599167039133 0.236215546541843 0.2364393556407 0.236663097840364 0.236886773377869 0.237110382572884 0.237333925825572 0.237557403614329 0.237780816493375 0.238004165090221 0.238227450103021 0.238450672297823 0.238673832505725 0.238896931619963 0.239119970592913 0.23934295043305 0.23956587220186 0.239788737010712 0.240011546017715 0.24023430042455 0.240457001473308 0.24067965044333
0.231045180141987 0.231270307892719 0.231495390097675 0.231720425064562 0.231945411169516 0.232170346859973 0.232395230657344 0.232620061159461 0.232844837042818 0.233069557064584 0.233294220064388 0.233518824965873 0.233743370778024 0.233967856596237 0.234192281603192 0.234416645069457 0.234640946353881 0.234865184903741 0.23508936025468 0.235313472030414 0.235537519942216 0.235761503788209 0.235985423452431 0.236209278903726 0.23643307019443 0.236656797458889 0.236880460911797 0.237104060846379 0.237327597632425 0.237551071714172 0.237774483608062 0.237997833900385 0.238221123244806 0.238444352359797 0.238667522025971 0.238890633083364 0.239113686428611 0.23933668301212 0.239559623835143 0.239782509946858 0.240005342441405 0.240228122454907 0.24045085116249 0.24067352977531
0.231040230899366 0.231265282643454 0.231490290828197 0.231715253842627 0.231940170140436 0.23216503824269 0.232389856740346 0.232614624296579 0.232839339648888 0.233064001611013 0.233288609074631 0.233513161010832 0.233737656471381 0.233962094589763 0.234186474582007 0.234410795747284 0.234635057468303 0.234859259211464 0.235083400526846 0.235307481047929 0.23553150049116 0.235755458655296 0.235979355420568 0.236203190747645 0.23642696467644 0.236650677324737 0.236874328886647 0.237097919630934 0.237321449899174 0.237544920103797 0.237768330725994 0.237991682313523 0.23821497547839 0.238438210894456 0.238661389294951 0.238884511469905 0.239107578263538 0.239330590571565 0.239553549338488 0.239776455554827 0.239999310254344 0.240222114511233 0.240444869437324 0.240667576179261
0.231035410949665 0.231260389820019 0.231485327026277 0.231710221034703 0.231935070372678 0.232159873631258 0.232384629467554 0.232609336606922 0.23283399384497 0.233058600049372 0.23328315416147 0.233507655197687 0.233732102250735 0.233956494490611 0.234180831165389 0.234405111601815 0.23462933520569 0.234853501462052 0.235077609935161 0.235301660268298 0.235525652183349 0.23574958548023 0.235973460036117 0.236197275804499 0.236421032814083 0.236644731167515 0.236868371039962 0.237091952677549 0.237315476395663 0.237538942577114 0.237762351670199 0.237985704186647 0.238209000699461 0.238432241840675 0.23865542829903 0.238878560817573 0.239101640191199 0.23932466726414 0.239547642927405 0.239770568116193 0.23999344380727 0.240216271016332 0.240439050795372 0.240661784230013
0.231030715955447 0.23125562495091 0.231480494090787 0.231705321914706 0.231930107020069 0.232154848064472 0.23237954376795 0.232604192915053 0.232828794356737 0.23305334701209 0.233277849869855 0.233502301989775 0.233726702503736 0.233951050616738 0.23417534560764 0.234399586829766 0.23462377371125 0.234847905755266 0.235071982540011 0.235296003718541 0.235519969018413 0.235743878241159 0.235967731261582 0.236191528026898 0.236415268555715 0.236638952936862 0.236862581328071 0.237086153954532 0.237309671107309 0.23753313314164 0.237756540475125 0.237979893585807 0.238203193010165 0.238426439341016 0.238649633225331 0.238872775361998 0.239095866499513 0.239318907433623 0.239541899004926 0.239764842096436 0.239987737631118 0.240210586569408 0.240433389906726 0.240656148670976
