b_HostWS.asc
NCOLS 390 
NROWS 330 
XLLCORNER -114.008545134 
YLLCORNER 32.991922429 
CELLSIZE 0.0333547025948718 
NODATA_value -9999 
[rows 160 to 179 of 330, columns 176 to 219 of 390]
0.250407600363975 0.250943571098768 0.250584978970245 0.249662436003133 0.248523002962212 0.247407473088381 0.246444868759439 0.24568939586504 0.245150668967066 0.244810876046522 0.244635819689135 0.244584053619707 0.244614525249625 0.244691915808466 0.244789289008001 0.244888413381882 0.244978571898593 0.24505471286504 0.245115576826574 0.245162144228247 0.245196512434709 0.245221169813875 0.245238576427161 0.245250954296477 0.245260207224364 0.245267913031 0.245275351361867 0.245283545284813 0.245293304912356 0.245305267418103 0.24531993130038 0.245337684565604 0.245358827353883 0.245383589839983 0.24541214628508 0.245444626032879 0.245481122118991 0.245521698034122 0.245566393065892 0.245615226548506 0.24566820127154 0.245725306239279 0.245786518925383 0.245851807133259
0.250598569896557 0.251122740687252 0.250341393308552 0.248920094689578 0.247410722521915 0.246088162662666 0.245047823407893 0.244308784475013 0.243854783695228 0.243645745822014 0.243625978913113 0.243734637480375 0.243915739333489 0.244124777528063 0.244331068862362 0.24451671318481 0.244673725299563 0.244800747514672 0.244900212671236 0.244976290309205 0.245033596535029 0.245076493073022 0.245108776873687 0.245133597944687 0.245153493718705 0.245170471974574 0.245186105241683 0.245201618924816 0.245217966313345 0.245235889239782 0.245255965666811 0.245278646358402 0.245304282865735 0.245333148802155 0.245365456023978 0.245401366984383 0.245441004227166 0.245484457744667 0.245531790738793 0.245583044181785 0.245638240469548 0.245697386383138 0.245760475517186 0.245827490293909
0.250665282936242 0.251059903283839 0.249500717009126 0.247399484157274 0.245556391654974 0.244140634584411 0.243134354959087 0.242509748275903 0.24223077209463 0.242237112123305 0.242448213433644 0.242779315684731 0.243157049129486 0.243528197937378 0.243861021710561 0.24414156513612 0.244368021774356 0.24454541944073 0.244681686539595 0.244785229573026 0.244863697597387 0.244923512724558 0.244969820980502 0.245006634531726 0.24503703500216 0.245063373828446 0.24508744397836 0.24511061699454 0.245133948013251 0.245158254367007 0.245184173664775 0.245212206475004 0.245242747693658 0.24527610969383 0.245312539538985 0.245352231913341 0.245395338954134 0.245441977830758 0.245492236672605 0.245546179274618 0.245603848887463 0.245665271313441 0.245730457468332 0.245799405526219
0.250451311159433 0.250417449972069 0.247397026905146 0.244585414005915 0.242734973333833 0.241492533554932 0.24068156074252 0.240285910499824 0.240286025877453 0.240607813666229 0.241138513192471 0.241761293965419 0.242382117380437 0.242941058512497 0.243410510498758 0.243786345667055 0.24407782221587 0.244299634010997 0.244467017181572 0.244593391278236 0.244689609517612 0.244764034504558 0.24482293898532 0.244870968675104 0.244911554375296 0.244947239962871 0.244979928315864 0.245011059606644 0.245041738204328 0.24507282224505 0.245104986773618 0.245138768442903 0.245174597427971 0.245212820488522 0.245253717883097 0.24529751598612 0.245344396872335 0.245394505736186 0.245447956743512 0.24550483772917 0.245565214031697 0.245629131669679 0.245696620007379 0.245767694016898
0.24895363287049 0.248238382967976 0.242525997160795 0.239948380061118 0.238999358185766 0.238264188517404 0.23776356223554 0.237680706107464 0.238062098950877 0.238811891552506 0.239762649387405 0.240749688551554 0.241654167032961 0.2424146175232 0.243017011530052 0.243476141474638 0.243818697186333 0.244072445338883 0.244261187326701 0.244403411641932 0.244512721017 0.244598844381985 0.244668663820832 0.24472705347022 0.244777499948093 0.244822537526099 0.244864044699408 0.244903443477935 0.244941832764719 0.244980077921249 0.24501887146773 0.245058774805191 0.245100247416724 0.245143667747033 0.245189348488077 0.245237548049142 0.245288479379305 0.245342316915389 0.245399202172337 0.245459248328681 0.245522544048896 0.245589156713561 0.245659135179676 0.245732512160218
0.244729056463933 0.241592573098358 0.232315703690365 0.234566915958775 0.235188120926324 0.23484103029365 0.234547249929339 0.234781893390662 0.235637817703619 0.236942802207612 0.238424258973519 0.239844646015492 0.241056914103089 0.242009797257264 0.242719483828482 0.243232927381669 0.24360143686688 0.243868206555208 0.244065318636374 0.244215067613203 0.244332447031827 0.244427437895419 0.244506725046967 0.244574867720311 0.244635059103572 0.244689606830684 0.244740233816507 0.244788266667343 0.244834754698785 0.244880546305421 0.24492633905273 0.244972713448138 0.245020156444924 0.245069078373517 0.245119825571707 0.245172690125097 0.245227917607601 0.245285713390741 0.245346247895547 0.245409661036434 0.245476066029499 0.245545552687376 0.245618190290659 0.245694030103455
0.177486387036809 0.230229002842839 0.233619053719547 0.232829098506672 0.232448400038791 0.231617820580373 0.231235809437595 0.231718331067406 0.233144526846202 0.23514635765466 0.237272368989951 0.239179705639074 0.240690529945295 0.241788515940843 0.242548664330792 0.243067486978403 0.243426491684912 0.243683259370167 0.243874944553802 0.244024509214354 0.244145976970717 0.244248013390213 0.244336138775316 0.244414029234702 0.244484263289375 0.244548746760597 0.244608955409804 0.244666075414603 0.244721086665903 0.244774813900882 0.244827959536914 0.244881125906544 0.244934831190641 0.244989521471832 0.245045580286707 0.245103336480957 0.245163070843965 0.245225021818269 0.245289390473736 0.245356344875898 0.245426023941006 0.245498540848956 0.245573986070058 0.245652430052434
0.158127578244461 0.227986448443032 0.231704453666591 0.231423905212304 0.230801140957168 0.228670756998629 0.228333085959465 0.228756802536765 0.230846339837198 0.233622837635639 0.236498581010787 0.238915507729565 0.240656167302309 0.241793757386079 0.242509821730714 0.2429679371955 0.243277744150323 0.243503194583242 0.243679175996106 0.243824298797823 0.243948627396871 0.24405787587017 0.244155560276577 0.244244069353624 0.244325188625185 0.244400355479378 0.244470784006305 0.244537527555173 0.244601511836934 0.244663554234722 0.244724376689853 0.244784615559178 0.24484482995943 0.244905509245198 0.244967079875564 0.245029911760331 0.245094324114155 0.245160590830555 0.24522894538656 0.245299585295726 0.2453726761317 0.245448355150397 0.245526734540328 0.245607904332027
0.180003684339439 0.223774039596248 0.228643911577076 0.231045312513282 0.231738758390526 0.225608947400002 0.228386125784676 0.228094274691259 0.229009594693115 0.232527819333217 0.236309742944223 0.239212462841506 0.241014422508858 0.242009852071578 0.24255689705263 0.24288730583037 0.243118416839873 0.243302685526616 0.243461908830077 0.243604822543855 0.243735036577933 0.243854327852095 0.243963906193732 0.244064850909904 0.244158229443856 0.244245105882288 0.244326519344274 0.244403460520778 0.244476854536427 0.244547551041643 0.24461632021147 0.244683852951324 0.244750763840364 0.244817595700632 0.244884825011499 0.244952867645254 0.24502208458773 0.245092787439404 0.24516524358034 0.245239680941637 0.245316292363154 0.24539523954155 0.245476656585958 0.24556065320693
0.190981598777689 0.215297373276773 0.227332014491085 0.232278008365363 0.233323803222133 0.231897978015265 0.232993898399415 0.227563825173234 0.226604456273091 0.231955235022733 0.236841421076236 0.24013527888094 0.241681645714603 0.242295459082202 0.242565417952803 0.24273876292406 0.242894635480861 0.243050613654817 0.243206152614447 0.243357379783941 0.243501202274332 0.24363595799344 0.243761149620672 0.243877050926478 0.243984387486791 0.24408411635095 0.244177285157484 0.244264946640149 0.244348109444988 0.244427711957802 0.24450461035952 0.244579575267143 0.244653293388917 0.244726371960006 0.244799344576611 0.244872677585192 0.244946776525347 0.245021992337814 0.245098627182757 0.245176939795981 0.245257150361166 0.24533944490492 0.245423979239122 0.245510882483053
0.20141884766103 0.216176160850768 0.227313227731971 0.23427471398211 0.234633231063318 0.233331466496703 0.232258917321602 0.224054825819897 0.2247175643958 0.231796929707004 0.237498756917681 0.241220178580453 0.242208245577632 0.242317990801433 0.24233622331188 0.242415647869511 0.24255329376466 0.242722246104108 0.242901475693051 0.243078502157867 0.243246921747003 0.243404000062287 0.243549069740504 0.243682569747639 0.243805491359908 0.243919064749912 0.244024584752385 0.244123316638399 0.244216447806483 0.244305065736033 0.244390150815983 0.24447257741576 0.244553119323539 0.244632457290031 0.244711187369722 0.244789829316971 0.244868834631316 0.244948594046572 0.245029444377317 0.245111674704065 0.245195531917158 0.245281225660113 0.245368932721385 0.24545880092795
0.21090138148647 0.219950046625424 0.228059320076697 0.233461322290892 0.234096685153976 0.232211385346867 0.228165795541216 0.218044675973919 0.221767464924017 0.228838570150985 0.228061817993072 0.240273725361871 0.241663971081304 0.241653296231782 0.241689896037469 0.241851057656671 0.242074676072379 0.242315891833392 0.24255221677736 0.242773930594839 0.242977694214809 0.243163227682894 0.243331658488582 0.243484702260856 0.243624255511431 0.243752195415998 0.243870285447943 0.243980135770766 0.244083191968605 0.244180738177939 0.244273907164017 0.244363693332044 0.244450966530616 0.24453648553122 0.244620910636013 0.244704815180877 0.244788695872689 0.244872981991124 0.244958043530666 0.245044198377927 0.24513171862462 0.245220836113437 0.245311747307808 0.245404617567966
0.218833898549176 0.224001794721732 0.229002175773275 0.232308407301267 0.233003067750648 0.231403363343789 0.227979245579227 0.22429312420383 0.225529649613985 0.229527917721605 0.231827804951307 0.23863952180098 0.23983624668938 0.240215023172226 0.240650516318728 0.241095772036221 0.241503570662141 0.241864654455148 0.242181633396808 0.242459885664504 0.242704950507608 0.242921841930043 0.243114923783505 0.243287945655095 0.243444118058721 0.24358618993604 0.243716518044307 0.243837126285115 0.243949755625236 0.244055905914042 0.244156870924792 0.244253767787849 0.244347561791938 0.244439087354563 0.244529065814298 0.244618120578254 0.244706790058327 0.244795538754163 0.244884766775168 0.244974818044754 0.245065987387163 0.245158526664867 0.24525265010592 0.245348538938558
0.224864056637675 0.227480885864752 0.230398121609298 0.232437985561828 0.232968488426099 0.232061744456105 0.230370911463075 0.229331338652376 0.230692161250135 0.234493333358692 0.239567627248475 0.2412490927918 0.237515386247808 0.238516347651298 0.239553953199835 0.240341679603342 0.240948008425626 0.241431023956251 0.241827291280753 0.242159867334871 0.242443960942601 0.242690123106496 0.242906017176785 0.243097428055443 0.243268860587227 0.243423909734691 0.243565499430966 0.243696043013127 0.243817555063431 0.24393173203639 0.244040012132683 0.24414362092025 0.244243606870683 0.244340869560707 0.24443618240949 0.244530211253915 0.24462352969525 0.244716631898005 0.244809943350538 0.244903829974547 0.244998605882275 0.24509454001727 0.245191861864238 0.245290766378646
0.228384012627291 0.229935316403208 0.231955997595875 0.233392057018532 0.233881021520406 0.233563184422963 0.232990895812085 0.233035205140663 0.234492021966867 0.237494720887831 0.241263349843483 0.23988594315438 0.236125702234823 0.237654877980822 0.238896764147963 0.239823230771863 0.240528053582849 0.24108108737448 0.241527803399986 0.241897587337001 0.242209920260563 0.242478180030329 0.242711894829532 0.242918086618346 0.243102089124734 0.243268059710974 0.243419309356651 0.243558521931649 0.243687904306509 0.243809292092548 0.243924226153627 0.244034009358247 0.24413974963403 0.244242393297495 0.244342751320484 0.244441520358458 0.24453929981698 0.244636605868675 0.244733883084711 0.244831514173466 0.244929828197529 0.245029107554076 0.245129593939033 0.245231493470139
0.22857555884946 0.231380873465533 0.233571777874473 0.234817688032866 0.235293205778229 0.235290341244763 0.235229801508131 0.23559945568196 0.236732683396022 0.238487854794797 0.239869960962349 0.239114134119001 0.237784455115978 0.238060955671825 0.238861364643373 0.239642765009159 0.240305607325232 0.24085354309462 0.241307998462569 0.241689377590909 0.242013840551914 0.242293622974493 0.24253794636388 0.242753831943005 0.242946709703522 0.243120850362437 0.243279667554831 0.243425929945401 0.243561911829417 0.243689501733469 0.24381028210157 0.243925588823982 0.244036556500816 0.244144153445934 0.244249209188011 0.244352436392742 0.244454448570574 0.244555774549454 0.244656870429446 0.244758129550141 0.244859890869425 0.24496244605915 0.245066045552017 0.245170903724587
0.227164484959469 0.233133081925957 0.235525792908993 0.236511694040761 0.236853799002817 0.236915733055937 0.236990407402563 0.237328508494836 0.238031907634004 0.238908067501411 0.239434467120784 0.239204381144114 0.238743725243992 0.238757153153079 0.239172382891812 0.239720091231754 0.240260409195655 0.240746912056427 0.241171751657591 0.241540035386119 0.241860076236482 0.242140052373041 0.242387050781862 0.242606945728304 0.24280453641001 0.242983737987432 0.243147758514052 0.243299244721752 0.243440396834039 0.243573057475012 0.243698780292326 0.243818883124995 0.243934489514216 0.244046561425684 0.244155925316713 0.244263293123484 0.24436927933481 0.244474415019098 0.244579159454227 0.244683909850965 0.244789009544754 0.244894754944683 0.24500140146452 0.245109168613288
0.233388288697201 0.236751573451499 0.237827778663321 0.238205965039025 0.238288642135793 0.238272897201454 0.238310117788413 0.238508178052152 0.238877737363588 0.239287319349456 0.239514320794629 0.239456183650291 0.239302805678036 0.239315910190631 0.2395496358065 0.239916638300379 0.240327649479516 0.240731342301036 0.241105531230021 0.241443665223112 0.241746312326399 0.242016820987063 0.242259318716606 0.242477862342343 0.242676121552595 0.242857297444809 0.243024137669845 0.243178985905762 0.243323838781783 0.243460399510053 0.243590124654519 0.243714263510661 0.243833890743259 0.243949933280529 0.244063192470067 0.244174362385251 0.244284045021922 0.244392762984598 0.244500970139818 0.244609060616119 0.244717376451309 0.24482621412582 0.244935830173341 0.245046446021115
0.239185113290661 0.239520377836704 0.239520647706986 0.239461589149253 0.239361102124385 0.239268019962479 0.239239834789618 0.239313364534391 0.239474741634744 0.239650482138335 0.239747788946441 0.239737384511664 0.239694755463054 0.239727832251969 0.239882393355737 0.240136284177545 0.240444461807738 0.240769303606142 0.241087645730087 0.241387858523224 0.241665470116754 0.241919902949887 0.2421524829664 0.242365337158231 0.242560821242768 0.242741241163956 0.242908730319587 0.243065206304959 0.243212366473211 0.243351701094156 0.243484513323865 0.243611940690676 0.243734975650743 0.243854484216725 0.243971222379547 0.244085850377039 0.244198945005302 0.244311010212092 0.24442248621094 0.244533757333543 0.244645158810561 0.24475698264371 0.244869482705735 0.244982879183701
0.237192336478892 0.239407959673143 0.239931837114167 0.240003671679242 0.239947438666427 0.239870450632798 0.239825154183311 0.239834089812796 0.239888450746533 0.239953006989826 0.239989693173785 0.239990317085528 0.239988021591818 0.240031119133018 0.240147344404314 0.240333587623488 0.240568796953231 0.240829277468622 0.241096448676661 0.241358318878939 0.241608264277211 0.241843303868302 0.242062679917857 0.242266883108344 0.242457041518704 0.242634559150226 0.242800911893047 0.242957538189994 0.243105784839956 0.243246884030952 0.243381947520484 0.243511969823131 0.243637835778078 0.243760329918688 0.243880146245488 0.243997897679881 0.244114124853112 0.244229304097606 0.244343854617656 0.244458144876287 0.244572498259075 0.244687198087592 0.24480249205307 0.244918596138726
