b_HostFR.asc
NCOLS 390 
NROWS 330 
XLLCORNER -114.008545134 
YLLCORNER 32.991922429 
CELLSIZE 0.0333547025948718 
NODATA_value -9999 
[rows 280 to 299 of 330, columns 0 to 43 of 390]
0.402918101077701 0.402197646828113 0.401477190511926 0.400756732087673 0.400036271513323 0.399315808746286 0.398595343743415 0.397874876461013 0.397154406854837 0.396433934880105 0.395713460491502 0.394992983643187 0.394272504288803 0.393552022381486 0.392831537873873 0.392111050718118 0.391390560865894 0.390670068268418 0.389949572876455 0.38922907464034 0.388508573509988 0.387788069434913 0.387067562364249 0.386347052246766 0.385626539030889 0.384906022664724 0.384185503096078 0.383464980272486 0.382744454141232 0.382023924649382 0.381303391743806 0.380582855371214 0.379862315478184 0.379141772011197 0.378421224916669 0.37770067414099 0.376980119630561 0.376259561331835 0.375538999191356 0.374818433155805 0.374097863172044 0.373377289187163 0.372656711148531 0.371936129003843
0.402938574002221 0.402218121905345 0.401497667799637 0.400777211645023 0.400056753400895 0.399336293026111 0.398615830479001 0.397895365717372 0.397174898698513 0.396454429379204 0.395733957715718 0.395013483663833 0.394293007178839 0.393572528215546 0.392852046728298 0.392131562670979 0.391411075997029 0.390690586659455 0.389970094610844 0.38924959980338 0.38852910218886 0.387808601718705 0.387088098343987 0.386367592015443 0.385647082683493 0.384926570298266 0.384206054809623 0.383485536167176 0.382765014320318 0.382044489218249 0.381323960810002 0.380603429044472 0.379882893870453 0.379162355236664 0.378441813091785 0.377721267384492 0.3770007180635 0.376280165077592 0.375559608375669 0.374839047906786 0.374118483620202 0.373397915465419 0.372677343392239 0.371956767350804
0.402959045522309 0.402238595532254 0.401518143589701 0.400797689655928 0.400077233691705 0.399356775657296 0.398636315512461 0.397915853216466 0.397195388728087 0.396474922005613 0.395754453006859 0.395033981689168 0.394313508009427 0.393593031924067 0.392872553389081 0.392152072360032 0.391431588792065 0.39071110263992 0.389990613857947 0.389270122400118 0.388549628220045 0.387829131270996 0.387108631505915 0.386388128877435 0.385667623337906 0.38494711483941 0.384226603333787 0.383506088772657 0.382785571107444 0.382065050289408 0.381344526269664 0.380623998999217 0.379903468428992 0.379182934509866 0.378462397192696 0.377741856428363 0.377021312167801 0.376300764362042 0.375580212962248 0.374859657919758 0.374139099186133 0.373418536713193 0.372697970453073 0.371977400358266
0.402979515656431 0.402259067728053 0.401538617902106 0.400818166141179 0.400097712407379 0.399377256662333 0.398656798867188 0.397936338982624 0.397215876968855 0.396495412785636 0.395774946392273 0.395054477747627 0.394334006810126 0.393613533537776 0.392893057888162 0.392172579818473 0.391452099285504 0.390731616245669 0.390011130655023 0.389290642469266 0.388570151643766 0.387849658133574 0.387129161893441 0.386408662877835 0.385688161040966 0.3849676563368 0.384247148719089 0.383526638141388 0.382806124557082 0.382085607919414 0.381365088181509 0.380644565296402 0.379924039217073 0.379203509896474 0.378482977287561 0.377762441343334 0.377041902016865 0.376321359261344 0.37560081303011 0.374880263276695 0.374159709954872 0.373439153018687 0.372718592422514 0.371998028121102
0.40299998442306 0.402279538511956 0.401559090756834 0.400838641121558 0.40011818956953 0.399397736063697 0.398677280566551 0.397956823040143 0.397236363446079 0.396515901745534 0.395795437899259 0.395074971867583 0.39435450361043 0.393634033087322 0.392913560257394 0.392193085079402 0.391472607511736 0.390752127512434 0.390031645039193 0.389311160049388 0.388590672500083 0.387870182348049 0.387149689549783 0.386429194061525 0.385708695839279 0.384988194838832 0.384267691015778 0.383547184325539 0.382826674723392 0.382106162164489 0.381385646603893 0.380665127996595 0.379944606297553 0.379224081461718 0.378503553444066 0.377783022199633 0.377062487683551 0.376341949851082 0.375621408657658 0.374900864058919 0.37418031601076 0.373459764469365 0.372739209391259 0.37201865073335
0.403020451840663 0.402300007903166 0.401579562173857 0.40085911461783 0.400138665199747 0.399418213883833 0.398697760633884 0.397977305413277 0.39725684818497 0.396536388911511 0.39581592755505 0.395095464077338 0.394374998439745 0.393654530603265 0.392934060528525 0.392213588175803 0.391493113505029 0.39077263647581 0.390052157047433 0.389331675178888 0.388611190828878 0.387890703955836 0.387170214517947 0.386449722473159 0.385729227779208 0.385008730393638 0.384288230273819 0.383567727376975 0.382847221660203 0.382126713080501 0.381406201594794 0.380685687159959 0.379965169732857 0.379244649270365 0.378524125729401 0.377803599066961 0.377083069240155 0.37636253620624 0.375641999922658 0.374921460347073 0.374200917437418 0.373480371151929 0.372759821449191 0.372039268288188
0.403040917927695 0.402320475920872 0.401600032173121 0.400879586650733 0.400159139319586 0.399438690145146 0.398718239092473 0.397997786126229 0.397277331210678 0.396556874309702 0.395836415386802 0.395115954405107 0.394395491327387 0.393675026116057 0.392954558733191 0.392234089140534 0.391513617299511 0.390793143171241 0.390072666716549 0.389352187895986 0.388631706669837 0.387911222998142 0.387190736840711 0.386470248157145 0.385749756906851 0.385029263049064 0.384308766542872 0.383588267347232 0.382867765420997 0.382147260722943 0.381426753211788 0.380706242846227 0.379985729584953 0.379265213386694 0.378544694210238 0.377824172014466 0.377103646758389 0.376383118401181 0.375662586902214 0.374942052221097 0.374221514317721 0.373500973152286 0.37278042868536 0.372059880877911
0.403061382702588 0.402340942584233 0.401620500774541 0.400900057240963 0.400179611950557 0.399459164869991 0.398738715965548 0.398018265203134 0.397297812548283 0.396577357966161 0.395856901421582 0.395136442879007 0.394415982302559 0.393695519656031 0.392975054902894 0.392254588006314 0.391534118929156 0.390813647634003 0.390093174083169 0.389372698238709 0.388652220062438 0.387931739515944 0.387211256560612 0.386490771157632 0.385770283268024 0.385049792852658 0.384329299872273 0.3836088042875 0.382888306058885 0.382167805146913 0.381447301512033 0.380726795114686 0.380006285915332 0.379285773874478 0.37856525895271 0.377844741110723 0.377124220309354 0.37640369650962 0.375683169672746 0.37496263976021 0.374242106733777 0.373521570555538 0.372801031187955 0.372080488593904
0.403081846183741 0.402361407912371 0.40164096799799 0.400920526409171 0.400200083114118 0.399479638080662 0.398759191276271 0.398038742668056 0.397318292222778 0.396597839906851 0.395877385686356 0.395156929527044 0.394436471394348 0.393716011253391 0.392995549068996 0.392275084805703 0.39155461842777 0.390834149899195 0.390113679183726 0.389393206244874 0.38867273104593 0.38795225354998 0.387231773719923 0.386511291518487 0.385790806908246 0.385070319851646 0.384349830311019 0.383629338248609 0.382908843626591 0.382188346407099 0.381467846552248 0.380747344024159 0.380026838784991 0.379306330796965 0.378585820022394 0.377865306423717 0.377144789963528 0.376424270604611 0.375703748309973 0.374983223042882 0.374262694766906 0.373542163445947 0.372821629044285 0.37210109152662
0.403102308389516 0.402381871924365 0.401661433863288 0.400940994175951 0.400220552831661 0.39950010979938 0.398779665047723 0.398059218544969 0.397338770259064 0.396618320157632 0.395897868207979 0.395177414377103 0.394456958631705 0.393736500938195 0.393016041262704 0.392295579571097 0.39157511582898 0.390854650001717 0.390134182054443 0.389413711952074 0.388693239659327 0.38797276514073 0.387252288360647 0.386531809283287 0.385811327872725 0.385090844092924 0.384370357907754 0.38364986928101 0.382929378176439 0.382208884557762 0.381488388388696 0.380767889632983 0.380047388254413 0.379326884216857 0.378606377484289 0.377885868020822 0.377165355790739 0.376444840758522 0.375724322888886 0.375003802146821 0.374283278497621 0.373562751906925 0.372842222340756 0.372121689765563
0.403122769338223 0.402402334639237 0.401681898390198 0.400961460561827 0.400241021124507 0.39952058004829 0.398800137302902 0.398079692857753 0.397359246681938 0.39663879874425 0.39591834901318 0.395197897456935 0.39447744404344 0.393756988740349 0.393036531515057 0.392316072334712 0.39159561116622 0.390875147976267 0.390154682731324 0.389434215397666 0.388713745941385 0.387993274328404 0.387272800524496 0.3865523244953 0.385831846206339 0.385111365623038 0.384390882710746 0.383670397434758 0.382949909760332 0.382229419652716 0.381508927077171 0.380788431998996 0.380067934383553 0.379347434196296 0.378626931402799 0.377906425968784 0.377185917860152 0.376465407043018 0.375744893483738 0.37502437714895 0.374303858005608 0.373583336021012 0.372862811162858 0.372142283399267
0.40314322904812 0.402422796075948 0.401702361598412 0.400981925587253 0.400261488013893 0.399541048849443 0.398820608064705 0.398100165630183 0.397379721516083 0.396659275692327 0.395938828128559 0.395218378794148 0.394497927658206 0.393777474689591 0.393057019856918 0.392336563128573 0.391616104472721 0.390895643857321 0.390175181250139 0.389454716618758 0.388734249930599 0.388013781152928 0.387293310252881 0.386572837197474 0.385852361953625 0.385131884488169 0.384411404767883 0.383690922759502 0.38297043842974 0.382249951745317 0.381529462672978 0.380808971179521 0.380088477231819 0.37936798079685 0.378647481841722 0.377926980333703 0.377206476240251 0.376485969529047 0.375765460168021 0.375044948125394 0.374324433369707 0.373603915869858 0.37288339559514 0.372162872515279
0.403163687537397 0.402443256253391 0.401722823507548 0.401002389272597 0.400281953520968 0.399561516224797 0.398841077355926 0.398120636885918 0.397400194786056 0.396679751027355 0.395959305580569 0.395238858416197 0.394518409504495 0.393797958815484 0.393077506318958 0.392357051984503 0.391636595781496 0.390916137679128 0.390195677646412 0.389475215652196 0.388754751665182 0.388034285653933 0.387313817586898 0.386593347432422 0.385872875158766 0.385152400734126 0.384431924126651 0.383711445304465 0.382990964235685 0.382270480888446 0.381549995230922 0.380829507231351 0.380109016858059 0.37938852407949 0.378668028864226 0.37794753118102 0.377227030998824 0.376506528286822 0.375786023014455 0.37506551515146 0.374345004667903 0.373624491534208 0.372903975721202 0.372183457200145
0.403184144824175 0.402463715190379 0.401743284137136 0.401022851638135 0.400302417666781 0.399581982196199 0.398861545199242 0.398141106648495 0.397420666516284 0.396700224774681 0.395979781395514 0.395259336350373 0.394538889610621 0.393818441147403 0.393097990931653 0.392377538934113 0.391657085125334 0.390936629475694 0.390216171955411 0.389495712534554 0.38877525118306 0.388054787870743 0.387334322567318 0.386613855242411 0.385893385865578 0.385172914406326 0.384452440834126 0.383731965118438 0.38301148722873 0.382291007134498 0.381570524805292 0.380850040210734 0.380129553320549 0.379409064104586 0.378688572532844 0.377968078575503 0.377247582202949 0.376527083385808 0.37580658209497 0.375086078301626 0.374365571977302 0.373645063093887 0.372924551623673 0.372204037539392
0.403204600926497 0.402484172905642 0.40176374350662 0.401043312704048 0.400322880472275 0.399602446785386 0.398882011617209 0.398161574941321 0.397441136731054 0.396720696959503 0.396000255599536 0.395279812623795 0.394559368004716 0.393838921714528 0.393118473725268 0.392398024008793 0.391677572536786 0.390957119280775 0.390236664212138 0.389516207302122 0.388795748521856 0.388075287842361 0.387354825234572 0.38663436066935 0.385913894117499 0.385193425549785 0.384472954936957 0.383752482249761 0.383032007458962 0.382311530535368 0.38159105144985 0.380870570173363 0.380150086676974 0.379429600931884 0.378709112909454 0.377988622581231 0.37726812991898 0.376547634894708 0.375827137480695 0.375106637649527 0.374386135374127 0.373665630627788 0.372945123384206 0.372224613617517
0.403225055862319 0.402504629417817 0.401784201635341 0.401063772490408 0.400343341958279 0.39962291001397 0.398902476632252 0.398182041787659 0.3974616054545 0.396741167606859 0.396020728218604 0.395300287263402 0.394579844714719 0.393859400545835 0.393138954729849 0.392418507239698 0.391698058048158 0.390977607127864 0.390257154451316 0.389536699990897 0.388816243718884 0.388095785607463 0.387375325628744 0.386654863754779 0.385934399957574 0.385213934209111 0.384493466481363 0.383772996746316 0.383052524975985 0.382332051142439 0.381611575217819 0.380891097174362 0.380170616984423 0.379450134620504 0.37872965005527 0.378009163261586 0.377288674212533 0.376568182881449 0.375847689241943 0.375127193267939 0.3744066949337 0.373686194213859 0.372965691083457 0.372245185517976
0.403245509649509 0.402525084745443 0.401804658542536 0.401084231017174 0.400363802145503 0.399643371903435 0.398922940266657 0.39820250721063 0.397482072710603 0.396761636741618 0.396041199278515 0.395320760295942 0.394600319768368 0.393879877670083 0.393159433975217 0.392438988657746 0.391718541691501 0.390998093050186 0.390277642707383 0.389557190636572 0.388836736811137 0.388116281204384 0.387395823789561 0.386675364539862 0.385954903428453 0.385234440428485 0.384513975513113 0.383793508655515 0.383073039828907 0.382352569006572 0.381632096161872 0.380911621268274 0.380191144299374 0.37947066522892 0.378750184030832 0.378029700679236 0.377309215148481 0.376588727413174 0.375868237448205 0.375147745228775 0.374427250730431 0.373706753929091 0.372986254801082 0.372265753323171
0.403265962305833 0.402545538906956 0.401825114247332 0.401104688304187 0.400384261054526 0.39966383247513 0.398943402542566 0.398222971233196 0.397502538523178 0.396782104388477 0.396061668804874 0.395341231747967 0.39462079319319 0.393900353115813 0.393179911490957 0.392459468293602 0.3917390234986 0.391018577080685 0.390298129014482 0.389577679274528 0.388857227835275 0.388136774671112 0.387416319756377 0.38669586306537 0.385975404572371 0.385254944251659 0.384534482077523 0.383814018024289 0.383093552066331 0.382373084178095 0.381652614334119 0.380932142509054 0.380211668677684 0.379491192814955 0.378770714895992 0.37805023489613 0.377329752790934 0.376609268556231 0.375888782168133 0.375168293603068 0.374447802837812 0.373727309849511 0.373006814615723 0.372286317114443
0.403286413848956 0.402565991920679 0.401845568768734 0.401125144371163 0.400404718705796 0.399684291750258 0.39896386348197 0.39824343387816 0.397523002915867 0.396802570571951 0.396082136823097 0.395361701645824 0.394641265016498 0.393920826911334 0.39320038730641 0.392479946177678 0.391759503500971 0.391039059252017 0.390318613406451 0.389598165939825 0.388877716827624 0.388157266045277 0.387436813568174 0.38671635937168 0.385995903431149 0.385275445721941 0.384554986219443 0.383834524899082 0.383114061736344 0.382393596706796 0.381673129786104 0.380952660950056 0.380232190174579 0.37951171743577 0.378791242709908 0.378070765973487 0.377350287203241 0.376629806376163 0.375909323469538 0.375188838460968 0.374468351328405 0.373747862050171 0.373027370605 0.372306876972063
0.403306864296432 0.402586443804819 0.401866022125625 0.401145599237682 0.400425175119619 0.399704749749876 0.3989843231067 0.398263895168156 0.397543465912137 0.396823035316364 0.396102603358398 0.395382170015648 0.394661735265378 0.393941299084718 0.393220861450668 0.392500422340118 0.391779981729847 0.391059539596545 0.390339095916816 0.389618650667195 0.38889820382416 0.388177755364142 0.387457305263547 0.386736853498762 0.386016400046176 0.385295944882193 0.38457548798325 0.383855029325837 0.383134568886509 0.382414106641909 0.38169364256879 0.380973176644028 0.38025270884465 0.379532239147855 0.378811767531032 0.378091293971788 0.377370818447971 0.376650340937698 0.375929861419375 0.375209379871728 0.374488896273834 0.373768410605141 0.373047922845506 0.372327432975223
