b_HostFR.asc
NCOLS 390 
NROWS 330 
XLLCORNER -114.008545134 
YLLCORNER 32.991922429 
CELLSIZE 0.0333547025948718 
NODATA_value -9999 
[rows 280 to 299 of 330, columns 88 to 131 of 390]
0.339505031937977 0.338784225733396 0.338063414810498 0.337342599238771 0.336621779093393 0.335900954455382 0.335180125411754 0.334459292055677 0.333738454486628 0.333017612810548 0.332296767139993 0.331575917594291 0.33085506429969 0.330134207389509 0.329413347004285 0.328692483291917 0.327971616407812 0.327250746515023 0.326529873784383 0.325808998394643 0.325088120532594 0.324367240393197 0.3236463581797 0.322925474103751 0.322204588385509 0.321483701253743 0.320762812945932 0.320041923708352 0.319321033796154 0.318600143473445 0.317879253013345 0.317158362698051 0.316437472818877 0.315716583676296 0.314995695579964 0.314274808848738 0.313553923810676 0.312833040803036 0.31211216017225 0.311391282273894 0.310670407472642 0.309949536142202 0.309228668665247 0.308507805433318
0.33952612662799 0.338805335332189 0.338084539543688 0.337363739331673 0.336642934770835 0.335922125941511 0.335201312929834 0.334480495827881 0.333759674733821 0.333038849752061 0.332318020993391 0.33159718857513 0.330876352621266 0.330155513262601 0.329434670636889 0.32871382488897 0.327992976170909 0.327272124642122 0.326551270469507 0.325830413827568 0.325109554898534 0.324388693872474 0.323667830947413 0.322946966329429 0.322226100232762 0.321505232879902 0.32078436450168 0.32006349533735 0.319342625634657 0.31862175564991 0.317900885648038 0.317180015902635 0.316459146696004 0.315738278319189 0.31501741107199 0.314296545262981 0.313575681209498 0.312854819237637 0.312133959682224 0.311413102886778 0.310692249203462 0.30997139899302 0.309250552624696 0.308529710476146
0.339547202700523 0.338826425836495 0.338105644695695 0.337384859346923 0.336664069864301 0.335943276327409 0.335222478821429 0.334501677437282 0.333780872271771 0.333060063427717 0.332339251014098 0.331618435146186 0.330897615945684 0.330176793540853 0.329455968066649 0.328735139664852 0.328014308484185 0.327293474680447 0.326572638416623 0.325851799863007 0.325130959197312 0.324410116604776 0.323689272278268 0.322968426418382 0.322247579233534 0.321526730940045 0.320805881762224 0.320085031932438 0.319364181691182 0.318643331287137 0.317922480977221 0.317201631026631 0.316480781708878 0.31575993330581 0.31503908610763 0.314318240412897 0.31359739652852 0.312876554769745 0.31215571546012 0.311434878931461 0.310714045523793 0.309993215585287 0.309272389472177 0.30855156754867
0.339568260594757 0.33884749769945 0.338126730733985 0.337405959766699 0.336685184871071 0.335964406125857 0.335243623615222 0.334522837428876 0.333802047662202 0.333081254416392 0.332360457798573 0.33163965792194 0.330918854905883 0.33019804887611 0.329477239964772 0.328756428310585 0.328035614058948 0.327314797362056 0.326593978379014 0.325873157275947 0.325152334226101 0.324431509409945 0.323710683015268 0.322989855237267 0.322269026278631 0.321548196349624 0.320827365668158 0.320106534459856 0.319385702958115 0.318664871404157 0.317944040047076 0.317223209143872 0.316502378959479 0.315781549766788 0.315060721846651 0.314339895487885 0.313619070987258 0.312898248649471 0.312177428787125 0.311456611720672 0.310735797778367 0.310014987296193 0.30929418061778 0.308573378094312
0.33958930074195 0.338868551365915 0.33814779811739 0.337427041064172 0.336706280279033 0.335985515839842 0.33526474782969 0.334543976337023 0.33382320145576 0.333102423285424 0.33238164193126 0.331660857504359 0.330940070121782 0.330219279906671 0.32949848698837 0.328777691502541 0.328056893591268 0.327336093403171 0.326615291093508 0.325894486824278 0.325173680764317 0.32445287308939 0.323732063982282 0.323011253632881 0.322290442238253 0.321569630002719 0.32084881713792 0.320128003862875 0.319407190404037 0.318686376995342 0.317965563878242 0.317244751301739 0.316523939522408 0.315803128804411 0.315082319419501 0.314361511647017 0.313640705773869 0.312919902094517 0.312199100910928 0.311478302532536 0.310757507276178 0.310036715466026 0.309315927433506 0.308595143517194
0.339610323565467 0.338889587272524 0.338168847296159 0.337448103703567 0.336727356566749 0.336006605962629 0.335285851973179 0.33456509468553 0.333844334192101 0.333123570590711 0.332402803984695 0.331682034483023 0.330961262200409 0.330240487257428 0.329519709780621 0.3287989299026 0.32807814776216 0.327357363504372 0.326636577280685 0.32591578924902 0.325194999573861 0.324474208426338 0.323753415984313 0.323032622432454 0.322311827962309 0.321591032772371 0.320870237068136 0.320149441062164 0.31942864497412 0.318707849030818 0.317987053466253 0.317266258521629 0.316545464445374 0.315824671493151 0.315103879927858 0.314383090019619 0.313662302045765 0.312941516290808 0.312220733046398 0.311499952611278 0.310779175291221 0.310058401398957 0.309337631254089 0.308616865182998
0.339631329480828 0.338910605847726 0.338189878712011 0.337469148140214 0.336748414203513 0.336027676977836 0.335306936543985 0.334586192987744 0.333865446399993 0.333144696876818 0.332423944519626 0.331703189435246 0.330982431736043 0.33026167154002 0.32954090897092 0.328820144158327 0.328099377237765 0.327378608350792 0.326657837645086 0.325937065274545 0.325216291399359 0.324495516186095 0.323774739807775 0.323053962443941 0.322333184280725 0.321612405510909 0.320891626333979 0.320170846956171 0.319450067590517 0.31872928845688 0.318008509781981 0.31728773179942 0.316566954749689 0.315846178880181 0.315125404445179 0.314404631705849 0.313683860930218 0.312963092393139 0.312242326376253 0.311521563167938 0.310800803063241 0.310080046363811 0.30935929337781 0.308638544419815
0.339652318895752 0.338931607511841 0.338210892798193 0.337490174820623 0.336769453649431 0.336048729359508 0.335328002030446 0.334607271746643 0.333886538597413 0.33316580267709 0.332445064085128 0.331724322926212 0.33100357931035 0.330282833352978 0.329562085175053 0.328841334903148 0.328120582669545 0.327399828612321 0.326679072875436 0.32595831560881 0.325237556968408 0.324516797116308 0.323796036220773 0.323075274456316 0.32235451200376 0.321633749050293 0.320912985789516 0.320192222421489 0.319471459152763 0.318750696196417 0.318029933772078 0.317309172105938 0.316588411430764 0.315867651985896 0.315146894017245 0.314426137777271 0.313705383524964 0.312984631525806 0.312263882051729 0.311543135381059 0.310822391798458 0.310101651594842 0.309380915067299 0.308660182518991
0.339673292210208 0.338952592677114 0.338231889979544 0.337511184182544 0.336790475355494 0.336069763572206 0.335349048911025 0.334628331454938 0.333907611291665 0.333186888513767 0.33246616321874 0.331745435509111 0.331024705492535 0.330303973281889 0.329583238995358 0.328862502756528 0.328141764694469 0.327421024943817 0.326700283644857 0.325979540943594 0.325258796991831 0.324538051947231 0.323817305973388 0.32309655923988 0.322375811922327 0.321655064202443 0.320934316268073 0.320213568313241 0.319492820538173 0.31877207314933 0.318051326359424 0.317330580387431 0.316609835458596 0.315889091804432 0.315168349662708 0.314447609277429 0.313726870898811 0.313006134783243 0.312285401193241 0.311564670397396 0.310843942670304 0.310123218292494 0.309402497550339 0.308681780735963
0.339694249816471 0.338973561747783 0.338252870672564 0.337532176655051 0.336811479763661 0.336090780071092 0.335370077654416 0.334649372595176 0.333928664979483 0.333207954898111 0.332487242446585 0.331766527725277 0.331045810839492 0.330325091899557 0.329604371020907 0.328883648324163 0.328162923935218 0.327442197985312 0.326721470611101 0.326000741954737 0.325280012163927 0.324559281392 0.323838549797962 0.323117817546558 0.322397084808313 0.321676351759582 0.320955618582588 0.320234885465457 0.319514152602244 0.318793420192956 0.318072688443567 0.317351957566028 0.316631227778267 0.315910499304184 0.315189772373637 0.314469047222419 0.313748324092232 0.313027603230645 0.312306884891049 0.311586169332597 0.310865456820142 0.310144747624158 0.309424042020656 0.308703340291084
0.339715192099187 0.338994515120138 0.338273835285485 0.337553152658613 0.336832467306943 0.336111779302027 0.335391088719636 0.33467039563985 0.333949700147156 0.333229002330527 0.332508302283515 0.331787600104338 0.331066895895958 0.330346189766169 0.329625481827674 0.328904772198163 0.328184061000386 0.327463348362228 0.326742634416776 0.326021919302382 0.325301203162732 0.324580486146896 0.323859768409387 0.323139050110208 0.3224183314149 0.321697612494579 0.320976893525974 0.320256174691453 0.319535456179052 0.318814738182487 0.318094020901171 0.317373304540216 0.316652589310432 0.315931875428321 0.315211163116055 0.314490452601456 0.313769744117965 0.313049037904598 0.312328334205901 0.311607633271888 0.310886935357979 0.310166240724919 0.309445549638695 0.30872486237044
0.33973611943543 0.339015453182596 0.338294784218347 0.337574112605182 0.336853438409496 0.336132761701664 0.335412082556136 0.334691401051513 0.333970717270643 0.333250031300694 0.332529343233244 0.33180865316436 0.331087961194674 0.330367267429464 0.329646571978727 0.32892587495725 0.328205176484682 0.3274844766856 0.326763775689572 0.32604307363122 0.325322370650275 0.324601666891631 0.323880962505393 0.323160257646927 0.322439552476894 0.321718847161291 0.320998141871479 0.320277436784213 0.319556732081655 0.318836027951395 0.318115324586455 0.317394622185296 0.316673920951807 0.315953221095299 0.315232522830481 0.314511826377441 0.313791131961604 0.313070439813696 0.312349750169692 0.311629063270757 0.31090837936318 0.310187698698296 0.309467021532401 0.308746348126655
0.339757032194778 0.339036376315775 0.338315717863082 0.337595056898281 0.33687439348671 0.33615372769755 0.335433059603907 0.334712389282892 0.333991716815703 0.333271042287702 0.332550365788494 0.331829687412003 0.331109007256547 0.330388325424907 0.329667642024402 0.328946957166949 0.328226270969139 0.327505583552288 0.326784895042503 0.326064205570738 0.325343515272843 0.324622824289616 0.323902132766847 0.32318144085536 0.322460748711047 0.321740056494903 0.321019364373051 0.320298672516768 0.319577981102493 0.31885729031185 0.318136600331641 0.317415911353857 0.316695223575659 0.315974537199374 0.315253852432467 0.314533169487518 0.313812488582182 0.313091809939151 0.312371133786097 0.311650460355618 0.310929789885167 0.310209122616977 0.309488458797975 0.308767798679689
0.339777930739378 0.339057284892568 0.338336636603593 0.337615985933087 0.336895332945311 0.33617467770823 0.335454020293592 0.334733360777008 0.33401269923802 0.333292035760185 0.332571370431139 0.331850703342677 0.331130034590817 0.330409364275867 0.329688692502496 0.328968019379792 0.328247345021326 0.327526669545207 0.326805993074137 0.326085315735468 0.325364637661243 0.324643958988246 0.323923279858041 0.32320260041701 0.322481920816384 0.321761241212274 0.321040561765693 0.320319882642575 0.319599204013787 0.31887852605514 0.318157848947388 0.317437172876227 0.316716498032285 0.315995824611105 0.315275152813121 0.314554482843631 0.313833814912757 0.313113149235406 0.31239248603121 0.311671825524474 0.310951167944104 0.310230513523532 0.309509862500631 0.308789215117621
0.339798815424024 0.339078179278227 0.338357540815842 0.337636900096532 0.336916257183458 0.336195612143354 0.335474965046602 0.334754315967299 0.334033664983335 0.333313012176462 0.332592357632356 0.331871701440696 0.33115104369522 0.330430384493789 0.329709723938455 0.328989062135513 0.328268399195559 0.327547735233547 0.326827070368835 0.326106404725238 0.325385738431066 0.324665071619173 0.323944404426986 0.323223736996545 0.322503069474529 0.321782402012281 0.321061734765829 0.320341067895901 0.319620401567936 0.318899735952089 0.31817907122323 0.317458407560941 0.316737745149498 0.316017084177861 0.31529642483964 0.314575767333074 0.313855111860984 0.313134458630733 0.312413807854171 0.311693159747578 0.310972514531592 0.310251872431137 0.309531233675336 0.30881059849742
0.339819686596235 0.339099059830447 0.338378430867944 0.337657799767395 0.336937166590848 0.336216531403791 0.335495894275229 0.334775255277746 0.334054614487579 0.333333971984677 0.332613327852773 0.331892682179442 0.331172035056164 0.330451386578383 0.329730736845565 0.329010085961251 0.328289434033114 0.327568781173002 0.326848127496989 0.326127473125421 0.325406818182954 0.324686162798588 0.323965507105709 0.323244851242113 0.322524195350031 0.321803539576157 0.321082884071658 0.320362228992192 0.319641574497912 0.31892092075347 0.318200267928017 0.317479616195189 0.3167589657331 0.316038316724316 0.315317669355832 0.314597023819039 0.313876380309685 0.313155739027828 0.312435100177786 0.311714463968072 0.310993830611332 0.310273200324265 0.309552573327541 0.308831949845711
0.339840544596333 0.339119926899449 0.338399307120251 0.337678685316402 0.336958061548818 0.336237435881734 0.335516808382772 0.334796179123001 0.334075548177007 0.333354915622949 0.332634281542624 0.331913646021525 0.331193009148898 0.330472371017798 0.329751731725141 0.329031091371759 0.328310450062442 0.327589807905993 0.326869165015262 0.326148521507194 0.325427877502863 0.324707233127504 0.323986588510547 0.323265943785645 0.32254529909069 0.321824654567837 0.32110401036352 0.320383366628457 0.319662723517656 0.318942081190421 0.318221439810338 0.317500799545275 0.316780160567356 0.316059523052947 0.315338887182626 0.314618253141149 0.313897621117411 0.313176991304399 0.312456363899139 0.311735739102633 0.311015117119799 0.310294498159387 0.309573882433905 0.308853270159522
0.339861389757529 0.339140780828069 0.338420169925456 0.337699557106327 0.336978942430457 0.336258325960822 0.335537707763655 0.334817087908515 0.33409646646834 0.333375843519511 0.332655219141903 0.33193459341895 0.331213966437687 0.330493338288811 0.329772709066729 0.3290520788696 0.328331447799388 0.327610815961901 0.326890183466829 0.326169550427783 0.325448916962332 0.324728283192029 0.32400764924244 0.323287015243169 0.322566381327876 0.321845747634295 0.321125114304244 0.320404481483634 0.31968384932247 0.31896321797485 0.318242587598959 0.317521958357057 0.316801330415461 0.316080703944519 0.315360079118589 0.314639456115999 0.313918835119003 0.313198216313746 0.312477599890196 0.311756986042096 0.31103637496689 0.310315766865651 0.309595161943001 0.308874560407021
0.339882222406006 0.339161621951855 0.338441019628683 0.337720415492094 0.336999809600714 0.336279202016251 0.335558592803554 0.334837982030671 0.334117369768902 0.333396756092862 0.332676141080523 0.331955524813278 0.331234907375984 0.330514288857011 0.329793669348291 0.329073048945362 0.328352427747405 0.327631805857292 0.326911183381614 0.32619056043072 0.325469937118748 0.324749313563651 0.324028689887222 0.323308066215114 0.322587442676859 0.321866819405882 0.321146196539508 0.320425574218968 0.3197049525894 0.318984331799845 0.318263712003239 0.3175430933564 0.316822476020006 0.316101860158574 0.31538124594043 0.314660633537674 0.313940023126135 0.313219414885329 0.312498808998404 0.311778205652078 0.311057605036575 0.310337007345552 0.309616412776017 0.308895821528242
0.339903042861007 0.339182450599149 0.33846185656759 0.337741260820887 0.33702066341651 0.3363000644149 0.335579463879521 0.334858861876917 0.334138258476762 0.333417653751916 0.33269704777847 0.3319764406358 0.331255832406611 0.330535223176982 0.329814613036412 0.329094002077856 0.328373390397771 0.327652778096145 0.326932165276534 0.326211552046095 0.325490938515611 0.324770324799515 0.324049711015918 0.323329097286619 0.322608483737127 0.321887870496667 0.321167257698189 0.320446645478374 0.319726033977627 0.319005423340075 0.318284813713557 0.317564205249607 0.316843598103436 0.316122992433905 0.315402388403497 0.314681786178278 0.313961185927857 0.313240587825339 0.312519992047273 0.311799398773587 0.31107880818753 0.310358220475594 0.309637635827438 0.3089170544358
