b_HostWS.asc
NCOLS 390 
NROWS 330 
XLLCORNER -114.008545134 
YLLCORNER 32.991922429 
CELLSIZE 0.0333547025948718 
NODATA_value -9999 
[rows 280 to 299 of 330, columns 44 to 87 of 390]
0.201450509119702 0.201673187008347 0.201895861452705 0.202118532807732 0.202341201451299 0.202563867784967 0.202786532234761 0.203009195251957 0.203231857313856 0.20345451892457 0.2036771806158 0.203899842947609 0.204122506509195 0.204345171919646 0.204567839828688 0.204790510917424 0.205013185899045 0.205235865519532 0.205458550558324 0.205681241828974 0.20590394017976 0.206126646494272 0.206349361691954 0.206572086728618 0.206794822596891 0.207017570326633 0.207240330985285 0.207463105678165 0.207685895548696 0.207908701778568 0.208131525587819 0.208354368234843 0.208577231016306 0.208800115266972 0.209023022359438 0.209245953703757 0.209468910746958 0.209691894972447 0.209914907899296 0.210137951081392 0.210361026106465 0.210584134594978 0.21080727819886 0.211030458600102
0.201450293561154 0.201672993580467 0.201895690553342 0.202118384831871 0.20234107679032 0.202563766825852 0.202786455359268 0.203009142835739 0.203231829725536 0.20345451652477 0.203677203756115 0.203899891969537 0.204122581743007 0.204345273683207 0.204567968426228 0.204790666638243 0.205013369016173 0.205236076288324 0.205458789215007 0.205681508589123 0.205904235236729 0.206126970017556 0.206349713825504 0.206572467589081 0.20679523227181 0.207018008872577 0.207240798425928 0.207463602002305 0.207686420708229 0.207909255686395 0.208132108115713 0.208354979211263 0.208577870224165 0.208800782441365 0.209023717185323 0.209246675813603 0.209469659718363 0.209692670325725 0.20991570909504 0.210138777518021 0.21036187711776 0.210585009447606 0.210808176089907 0.21103137865461
0.201450057213048 0.201672778616005 0.201895497347866 0.202118213757455 0.202340928215039 0.202563641113013 0.202786352866589 0.203009063914491 0.20323177471964 0.203454485769843 0.203677197578474 0.203899910685151 0.204122625656402 0.20434534308632 0.204568063597205 0.204790787840195 0.205013516495868 0.205236250274836 0.2054589899183 0.205681736198591 0.205904489919675 0.20612725191762 0.20635002306103 0.206572804251441 0.206795596423666 0.207018400546087 0.20724121762091 0.207464048684342 0.207686894806723 0.207909757092579 0.208132636680617 0.208355534743626 0.208578452488318 0.208801391155065 0.209024352017561 0.209247336382373 0.209470345588405 0.20969338100625 0.209916444037425 0.210139536113503 0.210362658695116 0.21058581327083 0.210809001355896 0.211032224490862
0.201449800381057 0.201672542439428 0.201895282180459 0.202118019949345 0.202340756111996 0.202563491055698 0.202786225189753 0.203008958946132 0.203231692780121 0.203454427170963 0.203677162622496 0.203899899663782 0.204122638849727 0.204345380761687 0.204568126008066 0.204790875224892 0.205013629076373 0.205236388255437 0.205459153484243 0.205681925514666 0.205904705128749 0.206127493139123 0.206350290389394 0.206573097754476 0.2067959161409 0.20701874648705 0.207241589763366 0.207464446972486 0.20768731914932 0.207910207361067 0.208133112707164 0.208356036319152 0.208578979360474 0.208801943026184 0.209024928542572 0.209247937166695 0.209470970185811 0.209694028916713 0.209917114704957 0.210140228923976 0.210363372974078 0.210586548281333 0.210809756296324 0.211032998492777
0.201449523376575 0.201672285380791 0.201895045400743 0.202117803777656 0.202340560872771 0.202563317067954 0.202786072766311 0.203008828392792 0.2032315843948 0.203454341242789 0.20367709943086 0.203899859477349 0.204122621925396 0.204345387343517 0.204568156326143 0.204790929494157 0.205013707495405 0.205236491005183 0.205459280726705 0.205682077391535 0.20590488176 0.206127694621556 0.206350516795128 0.206573349129399 0.206796192503069 0.207019047825051 0.207241916034628 0.207464798101546 0.207687695026057 0.207910607838888 0.208133537601156 0.208356485404198 0.208579452369336 0.208802439647558 0.209025448419112 0.209248479893018 0.209471535306479 0.209694615924206 0.209917723037627 0.210140857964 0.210364022045415 0.210587216647679 0.210810443159081 0.211033702989041
0.201449226516036 0.201672007775033 0.201894787363037 0.202117565617001 0.202340342893206 0.202563119567829 0.202785896037522 0.20300867271998 0.203231450054508 0.203454228502582 0.203677008548401 0.203899790699436 0.204122575486959 0.204345363466564 0.204568155218675 0.20479095134903 0.20501375248915 0.205236559296784 0.205459372456331 0.205682192679226 0.205905020704313 0.20612785729816 0.20635070325536 0.20657355939878 0.206796426579766 0.20701930567831 0.207242197603159 0.207465103291872 0.207688023710821 0.207910959855133 0.20813391274856 0.208356883443287 0.208579873019662 0.208802882585853 0.20902591327742 0.209248966256808 0.209472042712739 0.209695143859528 0.209918270936285 0.210141425206026 0.210364607954678 0.210587820489968 0.21081106414021 0.21103434025297
0.201448910120248 0.201671709961298 0.201894508425669 0.202117305845772 0.20234010257267 0.20256289897661 0.202785695447567 0.203008492395776 0.203231290252263 0.203454089469366 0.20367689052125 0.203899693904417 0.204122500138192 0.204345309765211 0.204568123351879 0.204790941488821 0.205013764791304 0.205236593899643 0.20545942947958 0.205682272222634 0.20590512284642 0.206127982094937 0.206350850738821 0.206573729575553 0.20679661942963 0.20701952115269 0.20724243562358 0.207465363748392 0.20768830646041 0.207911264720035 0.20813423951462 0.208357231858246 0.208580242791434 0.208803273380773 0.209026324718477 0.209249397921859 0.209472494132716 0.209695614516627 0.209918760262162 0.210141932579987 0.210365132701873 0.210588361879608 0.210811621383785 0.211034912502497
0.20144857451377 0.201671392282284 0.201894208950303 0.202117024845454 0.202339840313353 0.202562655718104 0.202785471442812 0.203008287890078 0.203231105482496 0.203453924663136 0.203676745896029 0.203899569666629 0.204122396482274 0.204345226872623 0.20456806139009 0.20479090061024 0.205013745132189 0.205236595578957 0.205459452597817 0.205682316860602 0.205905189063986 0.206128069929738 0.206350960204928 0.20657386066211 0.206796772099447 0.207019695340805 0.207242631235794 0.207465580659751 0.207688544513686 0.20791152372415 0.20813451924306 0.208357532047446 0.20858056313914 0.208803613544385 0.209026684313377 0.209249776519724 0.209472891259824 0.209696029652158 0.209919192836495 0.210142381973002 0.210365598241267 0.210588842839209 0.210812116981904 0.211035421900292
0.201448220024307 0.201671055083625 0.201893889301306 0.202116722999976 0.202339556519598 0.202562390217954 0.202785224471109 0.203008059673886 0.203230896240319 0.203453734604114 0.203676575219087 0.203899418559603 0.204122265120989 0.204345115419948 0.204567969994945 0.204790829406576 0.205013694237925 0.205236565094887 0.205459442606474 0.205682327425088 0.205905220226773 0.20612812171142 0.206351032602953 0.206573953649467 0.206796885623325 0.20701982932122 0.207242785564183 0.207465755197539 0.207688739090823 0.207911738137625 0.20813475325539 0.208357785385142 0.208580835491154 0.208803904560545 0.209026993602802 0.209250103649238 0.209473235752354 0.209696390985136 0.209919570440258 0.210142775229201 0.210366006481282 0.210589265342584 0.210812552974802 0.211035870553973
0.201447846982142 0.201670698713309 0.201893549845147 0.202116400695087 0.202339251597269 0.202562102902988 0.20278495498113 0.203007808218619 0.203230663020834 0.203453519812038 0.203676379035787 0.203899241155331 0.204122106653997 0.204344976035568 0.204567849824635 0.204790728566934 0.205013612829665 0.205236503201785 0.205459400294276 0.205682304740389 0.205905217195859 0.206128138339079 0.206351068871255 0.206574009516509 0.206796961021952 0.207019924157709 0.207242899716904 0.207465888515592 0.207688891392643 0.207911909209571 0.208134942850306 0.208357993220906 0.208581061249209 0.208804147884414 0.209027254096597 0.209250380876154 0.209473529233169 0.209696700196702 0.209919894814004 0.210143114149633 0.210366359284509 0.210589631314851 0.210812931351048 0.211036260516419
0.201447455719585 0.201670323521112 0.201893190949819 0.202116058317776 0.202338925953147 0.202561794200603 0.202784663421742 0.203007533995485 0.203230406318485 0.203453280805511 0.203676157889834 0.203899038023589 0.204121921678137 0.204344809344402 0.204567701533197 0.204790598775528 0.205013501622879 0.205236410647478 0.205459326442528 0.205682249622424 0.205905180822933 0.206128120701345 0.206351069936587 0.20657402922931 0.206796999301925 0.207019980898608 0.207242974785254 0.207465981749389 0.20768900260003 0.207912038167496 0.208135089303158 0.208358156879142 0.208581241787957 0.208804344942073 0.209027467273426 0.20925060973286 0.209473773289485 0.209696958929976 0.209920167657786 0.210143400492284 0.210366658467807 0.210589942632628 0.210813254047846 0.21103659378618
0.201447046570462 0.201669929858073 0.201892812984302 0.202115696255714 0.202338579994366 0.202561464538197 0.202784350241415 0.203007237474874 0.203230126626445 0.203453018101375 0.203675912322645 0.203898809731302 0.204121710786791 0.204344615967261 0.204567525769864 0.204790440711024 0.205013361326701 0.205236288172615 0.205459221824461 0.205682162878088 0.205905111949653 0.206128069675743 0.206351036713467 0.206574013740511 0.20679700145515 0.207020000576232 0.207243011843103 0.207466036015508 0.207689073873419 0.207912126216836 0.208135193865524 0.208358277658689 0.208581378454612 0.208804497130206 0.209027634580522 0.20925079171818 0.209473969472738 0.209697168789989 0.209920390631182 0.210143635972168 0.210366905802478 0.210590201124301 0.210813522951405 0.211036872307951
0.201446619869618 0.201669518075984 0.201892416318042 0.202115314896725 0.202338214127876 0.202561114342609 0.202784015887673 0.203006919125799 0.203229824436044 0.20345273221413 0.203675642872763 0.203898556841947 0.204121474569282 0.204344396520245 0.204567323178459 0.204790255045939 0.20501319264332 0.205236136510062 0.205459087204631 0.205682045304655 0.20590501140705 0.206127986128118 0.206350970103615 0.206573963988775 0.206796968458309 0.207019984206359 0.207243011946411 0.207466052411166 0.207689106352362 0.207912174540553 0.20813525776483 0.208358356832495 0.208581472568676 0.208804605815884 0.209027757433512 0.209250928297267 0.20947411929854 0.20969733134371 0.209920565353372 0.210143822261499 0.210367103014531 0.210590408570386 0.210813739897391 0.211037097973139
0.201446175952453 0.201669088526923 0.201892001320472 0.202114914628298 0.20233782875994 0.202560744039617 0.202783660806566 0.20300657941536 0.203229500236237 0.203452423655398 0.203675350075314 0.203898279915007 0.204121213610321 0.204344151614183 0.204567094396839 0.204790042446077 0.205012996267428 0.205235956384348 0.20545892333837 0.205681897689236 0.205904880015004 0.206127870912116 0.206350870995442 0.206573880898292 0.206796901272384 0.207019932787783 0.207242976132795 0.207466032013821 0.207689101155165 0.207912184298797 0.208135282204066 0.208358395647362 0.208581525421723 0.208804672336393 0.209027837216311 0.209251020901551 0.209474224246692 0.209697448120129 0.209920693403316 0.210143960989937 0.210367251785015 0.210590566703944 0.210813906671449 0.211037272620476
0.201445715154485 0.201668641562799 0.20189156836055 0.202114495837114 0.202337424295657 0.202560354053451 0.202783285442183 0.203006218808258 0.203229154513096 0.20345209293341 0.203675034461489 0.203897979505451 0.204120928489494 0.204343881854125 0.204566840056382 0.204789803570023 0.205012772885712 0.205235748511165 0.205458730971291 0.205681720808297 0.205904718581766 0.206127724868714 0.206350740263606 0.206573765378351 0.20679680084225 0.20701984730192 0.207242905421168 0.207465975880832 0.207689059378576 0.207912156628642 0.208135268361551 0.208358395323761 0.208581538277268 0.208804697999154 0.20902787528109 0.209251070928767 0.209474285761273 0.209697520610416 0.209920776319976 0.210144053744896 0.210367353750402 0.210590677211063 0.21081402500978 0.211037398036698
0.201445237810927 0.201668177534928 0.201891117806326 0.20211405890861 0.20233700113852 0.202559944806342 0.202782890236199 0.203005837766327 0.203228787749352 0.203451740552546 0.203674696558083 0.203897656163273 0.204120619780785 0.204343587838863 0.204566560781512 0.204789539068674 0.205012523176386 0.205235513596909 0.205458510838844 0.205681515427214 0.205904527903529 0.206127548825813 0.206350578768612 0.206573618322959 0.206796668096318 0.207019728712481 0.207242800811435 0.207465885049187 0.207688982097549 0.207912092643876 0.208135217390765 0.208358357055706 0.208581512370677 0.208804684081691 0.209027872948303 0.20925107974304 0.209474305250791 0.209697550268137 0.209920815602613 0.210144102071915 0.210367410503049 0.210590741731405 0.210814096599771 0.211037475957288
0.201444744256301 0.201667696793634 0.201890650024542 0.202113604226571 0.202336559689997 0.202559516718102 0.202782475627442 0.203005436748104 0.203228400423957 0.203451367012892 0.203674336887051 0.203897310433043 0.204120288052148 0.204343270160503 0.204566257189274 0.204789249584811 0.205012247808777 0.205235252338271 0.205458263665906 0.205681282299888 0.205904308764052 0.206127343597876 0.206350387356467 0.206573440610518 0.206796503946227 0.207019577965187 0.207242663284239 0.20746576053528 0.207688870365049 0.207911993434848 0.208135130420239 0.208358282010686 0.208581448909156 0.208804631831662 0.209027831506766 0.209251048675027 0.209474284088392 0.20969753850953 0.209920812711121 0.210144107475076 0.210367423591696 0.210590761858784 0.210814123080679 0.21103750806724
0.201444234824065 0.201667199687878 0.201890165380246 0.202113132172736 0.202336100349139 0.202559070205729 0.202782042051504 0.203005016208435 0.203227993011687 0.203450972809841 0.203673955965107 0.203896942853515 0.204119933865098 0.204342929404063 0.20456592988894 0.204788935752715 0.205011947442949 0.205234965421865 0.205457990166429 0.205681022168395 0.205904061934328 0.206127109985605 0.206350166858385 0.206573233103545 0.206796309286595 0.207019395987546 0.207242493800758 0.207465603334742 0.207688725211923 0.207911860068374 0.208135008553493 0.208358171329648 0.208581349071779 0.208804542466937 0.2090277522138 0.209250979022116 0.209474223612108 0.209697486713827 0.20992076906644 0.210144071417479 0.21036739452202 0.210590739141814 0.210814106044354 0.211037496001886
0.201443709846268 0.2016666865649 0.201889664236439 0.202112643126447 0.202335623512223 0.202558605683038 0.202781589940365 0.203004576598099 0.203227565982765 0.203450558433725 0.20367355430336 0.203896553957255 0.204119557774354 0.204342566147119 0.204565579481654 0.204788598197824 0.205011622729353 0.205234653523902 0.20545769104312 0.205680735762681 0.205903788172293 0.206126848775679 0.206349918090531 0.206572996648445 0.206796084994806 0.207019183688665 0.207242293302559 0.207465414422315 0.207688547646809 0.207911693587683 0.208134852869029 0.208358026127032 0.208581214009564 0.208804417175737 0.209027636295414 0.209250872048663 0.209474125125176 0.209697396223626 0.209920686050979 0.210143995321752 0.210367324757222 0.210590675084575 0.210814047036003 0.211037441347745
0.201443169653225 0.201666157769895 0.20188914695374 0.202112137464307 0.202335129572406 0.202558123560329 0.202781119722057 0.203004118363469 0.203227119802528 0.203450124369469 0.203673132406969 0.203896144270307 0.204119160327508 0.204342180959477 0.204565206560114 0.204788237536413 0.205011274308539 0.205234317309895 0.205457366987159 0.205680423800301 0.20590348822258 0.206126560740512 0.206349641853813 0.206572732075315 0.206795831930853 0.207018941959118 0.207242062711482 0.207465194751785 0.207688338656093 0.207911495012412 0.208134664420369 0.208357847490852 0.208581044845609 0.208804257116805 0.209027484946533 0.209250728986284 0.209473989896372 0.209697268345302 0.209920565009104 0.210143880570606 0.21036721571866 0.210590571147324 0.21081394755498 0.211037345643408
