b_HostWS.asc
NCOLS 390 
NROWS 330 
XLLCORNER -114.008545134 
YLLCORNER 32.991922429 
CELLSIZE 0.0333547025948718 
NODATA_value -9999 
[rows 20 to 39 of 330, columns 88 to 131 of 390]
0.211625802241562 0.211850295777028 0.212074813505904 0.212299355466731 0.212523921677597 0.212748512135339 0.212973126814738 0.213197765667727 0.213422428622602 0.213647115583236 0.213871826428319 0.214096561010591 0.214321319156111 0.214546100663524 0.214770905303366 0.214995732817377 0.215220582917846 0.215445455286987 0.215670349576338 0.215895265406194 0.216120202365082 0.216345160009266 0.2165701378623 0.216795135414616 0.217020152123169 0.217245187411125 0.217470240667597 0.217695311247444 0.217920398471117 0.218145501624574 0.218370619959249 0.218595752692085 0.218820899005644 0.219046058048263 0.219271228934307 0.219496410744469 0.219721602526163 0.21994680329398 0.220172012030223 0.220397227685519 0.220622449179519 0.220847675401655 0.221072905212002 0.221298137442199
0.21162580405856 0.211850336281234 0.212074893709688 0.212299476392729 0.212524084357994 0.21274871761111 0.21297337613484 0.21319805988824 0.213422768805825 0.213647502796738 0.213872261743931 0.214097045503361 0.214321853903202 0.214546686743068 0.214771543793264 0.214996424794055 0.215221329454968 0.215446257454108 0.215671208437523 0.215896182018588 0.216121177777433 0.21634619526041 0.216571233979604 0.216796293412383 0.217021373001004 0.217246472152262 0.217471590237202 0.217696726590882 0.217921880512197 0.218147051263757 0.21837223807185 0.21859744012645 0.218822656581303 0.219047886554093 0.219273129126665 0.219498383345339 0.219723648221294 0.219948922731031 0.22017420581692 0.220399496387825 0.220624793319823 0.220850095456982 0.221075401612254 0.221300710568431
0.211625822858655 0.211850394810475 0.212074993020771 0.212299617549458 0.212524268434553 0.212748945691276 0.212973649311156 0.21319837926113 0.213423135482666 0.213647917890872 0.213872726373632 0.21409756079075 0.214322420973104 0.214547306721822 0.214772217807484 0.214997153969334 0.215222114914532 0.215447100317426 0.215672109818858 0.215897143025509 0.216122199509276 0.216347278806692 0.216572380418396 0.216797503808639 0.217022648404847 0.217247813597243 0.217472998738508 0.217698203143524 0.217923426089157 0.21814866681412 0.2183739245189 0.218599198365754 0.218824487478775 0.219049790944043 0.219275107809843 0.21950043708697 0.219725777749119 0.219951128733343 0.220176488940617 0.220401857236472 0.22062723245173 0.220852613383319 0.221077998795177 0.221303387419255
0.211625858503823 0.211850471246523 0.212075111342186 0.212299778862732 0.212524473857439 0.212749196351982 0.212973946347492 0.213198723819605 0.213423528717519 0.213648360963067 0.213873220449783 0.214098107041997 0.214323020573935 0.21454796084884 0.214772927638113 0.21499792068048 0.215222939681182 0.215447984311198 0.215673054206498 0.215898148967331 0.216123268157561 0.21634841130403 0.216573577895985 0.216798767384536 0.21702397918218 0.217249212662372 0.217474467159162 0.217699741966888 0.217925036339934 0.218150349492561 0.218375680598808 0.218601028792459 0.218826393167104 0.21905177277626 0.219277166633586 0.21950257371318 0.219727992949965 0.219953423240155 0.220178863441822 0.220404312375543 0.220629768825158 0.220855231538602 0.221080699228845 0.221306170574925
0.211625910826871 0.211850565441819 0.212075248547513 0.212299960228837 0.212524700547263 0.212749469539842 0.212974267218205 0.213199093567552 0.213423948545663 0.213648832081898 0.213873744076221 0.214098684398226 0.214323652886183 0.2145486493461 0.214773673550807 0.214998725239062 0.215223804114683 0.21544890984572 0.215674042063642 0.215899200362582 0.216124384298605 0.216349593389031 0.216574827111803 0.2168000849049 0.217025366165812 0.217250670251069 0.217475996475832 0.217701344113546 0.217926712395672 0.218152100511472 0.218377507607889 0.218602932789485 0.21882837511848 0.219053833614856 0.219279307256564 0.219504794979804 0.219730295679413 0.219955808209332 0.220181331383175 0.220406863974903 0.220632404719578 0.220857952314235 0.221083505418845 0.221309062657388
0.211625979629753 0.211850677217737 0.212075404479097 0.212300161512695 0.212524948393199 0.212749765170015 0.212974611866229 0.213199488477541 0.213424394971209 0.213649331285001 0.21387429732614 0.214099292970284 0.214324318060505 0.214549372406283 0.214774455782538 0.214999567928665 0.215224708547616 0.215449877304993 0.215675073828195 0.215900297705591 0.216125548485734 0.21635082567663 0.216576128745045 0.21680145711587 0.217026810171545 0.217252187251538 0.217477587651892 0.217703010624836 0.217928455378472 0.218153921076529 0.21837940683821 0.218604911738103 0.218830434806186 0.219055975027927 0.219281531344462 0.219507102652869 0.219732687806554 0.219958285615712 0.220183894847911 0.220409514228764 0.220635142442711 0.220860778133913 0.221086419907241 0.221312066329385
0.211626064681809 0.211850806362776 0.212075578946186 0.212300382545963 0.212525217251032 0.212750083124198 0.212974980201025 0.21319990848871 0.213424867964959 0.213649858576877 0.213874880239854 0.214099932836472 0.214325016215419 0.214550130190422 0.214775274539212 0.215000449002489 0.215225653282939 0.21545088704427 0.215676149910284 0.215901441463997 0.216126761246779 0.216352108757576 0.216577483452147 0.216802884742379 0.217028311995654 0.217253764534273 0.217479241634957 0.217704742528413 0.217930266398971 0.218155812384308 0.218381379575247 0.218606967015647 0.218832573702378 0.219058198585393 0.219283840567893 0.21950949850659 0.219735171212079 0.219960857449305 0.220186555938144 0.220412265354092 0.22063798432906 0.220863711452288 0.221089445271372 0.221315184293401
0.211626165717949 0.211850952630682 0.212075771723005 0.212300623125046 0.212525506941118 0.212750423248539 0.212975372096441 0.213200353504581 0.213425367462154 0.213650413926607 0.213875492822464 0.214100604040157 0.21432574743488 0.214550922825444 0.214776129993173 0.215001368680803 0.215226638591427 0.21545193938746 0.215677270689647 0.215902632076106 0.216128023081419 0.216353443195767 0.216578891864121 0.216804368485492 0.21702987241223 0.217255402949401 0.217480959354236 0.217706540835632 0.217932146553761 0.218157775619735 0.218383427095375 0.218609099993061 0.218834793275678 0.219060505856661 0.219286236600141 0.219511984321192 0.219737747786193 0.219963525713294 0.220189316772995 0.220415119588846 0.220640932738262 0.220866754753455 0.221092584122489 0.221318419290456
0.211626282436753 0.211851115738501 0.212075982546741 0.212300883009024 0.212525817246255 0.212750785351447 0.212975787388465 0.213200823390765 0.213425893360138 0.21365099726545 0.213876135041402 0.214101306587279 0.214326511765734 0.214551750401573 0.214777022280566 0.215002327148284 0.215227664708962 0.215453034624391 0.215678436512858 0.215903869948108 0.216129334458371 0.216354829525425 0.216580354583721 0.216805909019559 0.217031492170337 0.217257103323857 0.217482741717713 0.21770840653875 0.217934096922608 0.218159811953348 0.218385550663175 0.218611312032246 0.218837094988585 0.2190628984081 0.219288721114701 0.219514561880535 0.21974041942633 0.219966292421855 0.22019217948651 0.220418079190019 0.220643990053273 0.220869910549269 0.221095839104213 0.22132177409872
0.211626414498508 0.211851295364544 0.212076211115457 0.212301161917508 0.212526147909475 0.212751169201326 0.212976225872899 0.213201317972564 0.213426445515893 0.213651608484332 0.21387680682387 0.214102040443726 0.214327309215047 0.214552612969613 0.214777951498573 0.215003324551202 0.215228731833683 0.215454173007925 0.215679647690417 0.215905155451122 0.216130695812422 0.216356268248107 0.216581872182429 0.216807506989205 0.217033171990999 0.217258866458359 0.217484589609148 0.217710340607937 0.217936118565496 0.218161922538366 0.218387751528539 0.218613604483213 0.218839480294683 0.219065377800312 0.219291295782631 0.219517232969543 0.219743188034667 0.219969159597776 0.220195146225392 0.220421146431487 0.220647158678328 0.220873181377458 0.221099212890807 0.221325251531937
0.21162656152318 0.211851491146295 0.21207645708592 0.212301459528401 0.212526498631739 0.212751574524202 0.212976687302921 0.213201837032474 0.213427023743489 0.213652247431222 0.213877508054155 0.214102805532599 0.214328139747307 0.214553510538098 0.214778917702509 0.215004360994467 0.215229840122989 0.215455354750911 0.215680904493665 0.215906488918089 0.216132107541284 0.216357759829537 0.216583445197281 0.216809163006129 0.217034912563987 0.217260693124211 0.217486503884872 0.217712343988089 0.217938212519453 0.218164108507545 0.21839003092356 0.218615978681025 0.218841950635634 0.219067945585188 0.219293962269668 0.21951999937141 0.21974605551543 0.219972129269857 0.220198219146515 0.220424323601639 0.220650441036727 0.220876569799536 0.221102708185229 0.221328854437657
0.211626723088296 0.211851702678226 0.212076720071358 0.212301775475574 0.212526869069545 0.21275200100126 0.212977171386549 0.213202380307585 0.213427627811401 0.213652913908393 0.21387823857082 0.214103601731332 0.214329003281487 0.214554443070294 0.214779920902771 0.215005436538529 0.215230989690381 0.215456580022989 0.21568220715154 0.21590787064048 0.216133570002277 0.216359304696256 0.216585074127483 0.216810877645716 0.217036714544424 0.21726258405989 0.217488485370383 0.217714417595429 0.21794037979517 0.218166370969817 0.218392390059216 0.218618435942511 0.218844507437941 0.219070603302734 0.219296722233137 0.219522862864579 0.219749023771958 0.219975203470075 0.220201400414199 0.220427613000788 0.220653839568357 0.220880078398481 0.221106327716981 0.221332585695237
0.21162689872677 0.211851929509539 0.212076999639117 0.212302109346462 0.212527258832441 0.212752448266282 0.212977677784007 0.213202947486861 0.21342825743973 0.213653607669561 0.213878998163774 0.214104428868694 0.214329899687978 0.214555410481064 0.214780961061635 0.215006551196107 0.215232180602147 0.215457848947214 0.215683555847157 0.215909300864839 0.216135083508817 0.216360903232083 0.216586759430855 0.216812651443439 0.217038578549171 0.217264539967426 0.217490534856718 0.217716562313889 0.217942621373402 0.218168711006718 0.218394830121808 0.218620977562756 0.218847152109494 0.219073352477667 0.219299577318608 0.219525825219482 0.219752094703535 0.219978384230521 0.220204692197255 0.220431016938333 0.220657356726999 0.220883709776187 0.221110074239712 0.221336448213629
0.21162708792464 0.21185217114183 0.212077295308247 0.212302460679556 0.212527667480442 0.212752915902978 0.212978206104976 0.213203538208318 0.213428912297288 0.213654328416898 0.213879786571206 0.214105286721649 0.214330828785373 0.214556412633582 0.214782038089905 0.215007704928781 0.215233412873872 0.215459161596514 0.215684950714203 0.215910779789122 0.216136648326725 0.216362555774375 0.216588501520039 0.21681448489106 0.217040505152998 0.21726656150856 0.217492653096606 0.217718778991258 0.217944938201112 0.218171129668548 0.218397352269165 0.218623604811326 0.218849886035834 0.21907619461574 0.219302529156291 0.219528888195011 0.21975527020195 0.219981673580063 0.22020809666577 0.220434537729659 0.220660994977373 0.220887466550655 0.221113950528571 0.221340444928901
0.211627290118742 0.211852427026672 0.212077606546998 0.212302828961817 0.212528094521351 0.21275340344223 0.212978755905742 0.213204152056081 0.213429591998577 0.213655075797922 0.213880603476392 0.214106175012078 0.214331790337107 0.214557449335894 0.214783151843394 0.215008897643388 0.215234686466785 0.215460517989965 0.215686391833156 0.215912307558862 0.216138264670329 0.216364262610084 0.216590300758528 0.216816378432603 0.217042494884538 0.217268649300672 0.217494840800381 0.217721068435088 0.21794733118739 0.218173627970298 0.218399957626579 0.218626318928249 0.218852710576173 0.219079131199821 0.21930557935717 0.219532053534738 0.219758552147797 0.219985073540736 0.220211615987596 0.220438177692771 0.220664756791898 0.220891351352912 0.221117959377294 0.221344578801509
0.211627504694293 0.211852696563112 0.212077932770226 0.212303213625988 0.212528539407985 0.21275391035921 0.21297932668623 0.213204788557327 0.213430296100633 0.213655849402247 0.213881448504356 0.21410709340335 0.214332784047946 0.214558520337318 0.214784302119244 0.215010129188273 0.215236001283916 0.215461918088873 0.215687879227299 0.21591388426311 0.216139932698345 0.216366023971586 0.21659215745644 0.216818332460102 0.217044548221988 0.217270803912457 0.217497098631636 0.217723431408338 0.217949801199094 0.218176206887298 0.218402647282478 0.218629121119703 0.218855627059126 0.219082163685664 0.219308729508847 0.219535322962812 0.21976194240647 0.219988586123845 0.220215252324578 0.220441939144634 0.220668644647173 0.220895366823637 0.221122103595005 0.221348852813267
0.211627730982415 0.211852979095093 0.212078273336711 0.21230361404782 0.212529001535291 0.212754436070407 0.212979917886926 0.213205447179109 0.213431024099756 0.213656648758217 0.213882321218396 0.214108041496754 0.214333809560316 0.214559625324686 0.214785488652074 0.215011399349341 0.215237357166069 0.215463361792671 0.215689412858529 0.215915509930181 0.216141652509561 0.216367840032297 0.216594071866079 0.2168203473091 0.217046665588573 0.217273025859349 0.217499427202627 0.217725868624766 0.217952349056222 0.218178867350591 0.218405422283801 0.218632012553427 0.218858636778151 0.219085293497393 0.219311981171077 0.219538698179581 0.219765442823862 0.21999221332575 0.220219007828443 0.220445824397185 0.220672661020141 0.220899515609486 0.221126386002695 0.221353269964031
0.211627968257567 0.211853273908786 0.212078627546399 0.212304029543191 0.21252948023737 0.212754979930545 0.212980528885685 0.213206127325047 0.213431775428092 0.213657473329382 0.213883221116466 0.214109018827771 0.214334866450477 0.214560763918411 0.214786711109947 0.215012707845928 0.215238753887602 0.215464848934605 0.215690992622969 0.215917184523177 0.216143424138276 0.216369710902047 0.216596044177243 0.216822423253903 0.217048847347751 0.217275315598691 0.217501827069395 0.217728380744013 0.217954975526988 0.218181610242008 0.218408283631089 0.218634994353806 0.21886174098667 0.21908852202267 0.219315335870986 0.219542180856869 0.219769055221715 0.219995957123329 0.220222884636373 0.220449835753039 0.220676808383917 0.220903800359078 0.221130809429389 0.221357833268039
0.211628215734909 0.211853580229844 0.212078994637529 0.212304459365146 0.212529974784398 0.212755541229379 0.212981158994424 0.213206828331918 0.213432549450105 0.213658322510849 0.21388414762741 0.2141100248622 0.214335954224532 0.214561935668384 0.214787969090163 0.215014054326491 0.21524019115201 0.215466379277219 0.215692618346348 0.215918907935279 0.216145247549515 0.21637163662221 0.216598074512279 0.216824560502572 0.217051093798139 0.217277673524599 0.217504298726603 0.217730968366413 0.217957681322612 0.218184436388932 0.21841123227324 0.218638067596659 0.218864940892862 0.219091850607523 0.219318795097954 0.219545772632919 0.219772781392656 0.219999819469081 0.220226884866214 0.220453975500822 0.220681089203271 0.220908223718624 0.221135376707957 0.221362545749915
0.211628472567584 0.211853897220574 0.2120793737837 0.212304902700826 0.212530484379435 0.212756119188395 0.212981807455686 0.213207549466095 0.213433345458894 0.213659195625484 0.213885100107035 0.214111058992104 0.21433707231426 0.214563140049696 0.214789262114859 0.215015438364093 0.215241668587297 0.215467952507615 0.215694289779166 0.215920679984813 0.216147122633988 0.216373617160579 0.21660016292088 0.216826759191636 0.217053405168161 0.21728009996256 0.217506842602066 0.217733632027484 0.21796046709177 0.21818734655874 0.21841426910194 0.218641233303658 0.218868237654111 0.219095280550816 0.219322360298121 0.219549475106967 0.219776623094829 0.220003802285868 0.220231010611329 0.220458245910136 0.220685505929739 0.220912788327203 0.221140090670544 0.221367410440304
