b_HostFR.asc
NCOLS 390 
NROWS 330 
XLLCORNER -114.008545134 
YLLCORNER 32.991922429 
CELLSIZE 0.0333547025948718 
NODATA_value -9999 
[rows 200 to 219 of 330, columns 264 to 307 of 390]
0.211822064128435 0.21112677187752 0.210430189471555 0.209732300155285 0.209033090951001 0.208332552616419 0.20763067958486 0.206927469888854 0.206222925068142 0.205517050063305 0.20480985309623 0.204101345538723 0.203391541770585 0.202680459028521 0.201968117247258 0.201254538894166 0.200539748798817 0.199823773978666 0.199106643462217 0.198388388110782 0.197669040440038 0.196948634442438 0.196227205411446 0.195504789768537 0.19478142489381 0.194057148960952 0.193332000777216 0.192606019629059 0.191879245133862 0.191151717098266 0.19042347538338 0.189694559777241 0.188965009874663 0.188234864964664 0.187504163925561 0.186772945127756 0.186041246344191 0.185309104668434 0.184576556440256 0.183843637178576 0.183110381521594 0.182376823173899 0.181642994860322 0.180908928286295
0.211816694202065 0.211120410667595 0.210422904854757 0.209724160540057 0.209024165028237 0.208322909115843 0.207620387038553 0.206916596403117 0.20621153810491 0.205505216232054 0.204797637957317 0.204088813418882 0.203378755591193 0.202667480147146 0.201955005312789 0.201241351715813 0.200526542229038 0.199810601810038 0.199093557338133 0.198375437449757 0.197656272373351 0.196936093764669 0.196214934543536 0.195492828732811 0.194769811300419 0.194045918005111 0.193321185246635 0.192595649920861 0.191869349280357 0.191142320800828 0.190414602053793 0.18968623058578 0.188957243804224 0.188227678870306 0.18749757259876 0.186766961364756 0.186035881017837 0.185304366802908 0.184572453288123 0.18384017429966 0.183107562863143 0.182374651151594 0.181641470439697 0.180908051064152
0.211812299384429 0.211115063963694 0.210416670300316 0.209717102701618 0.209016348771506 0.208314399379087 0.207611248612275 0.206906893717237 0.206201335024429 0.205494575862217 0.204786622459066 0.204077483835283 0.203367171685493 0.202655700252863 0.201943086196223 0.201229348451201 0.200514508086479 0.199798588156223 0.19908161354979 0.198363610839671 0.197644608128683 0.19692463489729 0.196203721851952 0.195481900775273 0.194759204378683 0.194035666158359 0.193311320254964 0.192586201317732 0.191860344373424 0.191133784700501 0.190406557708907 0.189678698825734 0.188950243386978 0.188221226535597 0.18749168312594 0.186761647634666 0.18603115407816 0.1853002359364 0.184568926083288 0.18383725672329 0.183105259334296 0.182372964616568 0.181640402447566 0.180907601842501
0.211808840549041 0.211110691109485 0.210411443857539 0.209711083627899 0.209009598336528 0.208306978953687 0.20760321946316 0.206898316808346 0.206192270825943 0.205485084168079 0.204776762213799 0.204067312970771 0.203356746968262 0.202645077142352 0.201932318714354 0.201218489063527 0.200503607595005 0.199787695604016 0.199070776137274 0.198352873852517 0.197634014877093 0.1969142266664 0.196193537863028 0.195471978157313 0.194749578149988 0.194026369217619 0.193302383381325 0.19257765317934 0.191852211543884 0.191126091682671 0.190399326965492 0.189671950816059 0.188943996609401 0.188215497574966 0.187486486705579 0.186756996672297 0.186027059745251 0.185296707720455 0.184565971852552 0.183834882793429 0.183103470536612 0.182371764367307 0.181639792817966 0.180907583629181
0.211806280272533 0.211107253204404 0.210407185368436 0.209706062121173 0.209003871700179 0.208300605200993 0.207596256541313 0.206890822413022 0.206184302222737 0.205476698021605 0.204768014425166 0.204058258524092 0.20334743978671 0.202635569954176 0.20192266292925 0.201208734659546 0.20049380301621 0.199777887668911 0.199061009958023 0.198343192764853 0.197624460380756 0.196904838375893 0.196184353468392 0.195463033394589 0.194740906781022 0.194018003018734 0.193294352140467 0.192569984701201 0.191844931662478 0.191119224280917 0.190392894001221 0.18966597235397 0.188938490858409 0.188210480930434 0.187481973795917 0.18675300040944 0.186023591378515 0.185293776893288 0.184563586661749 0.183833049850366 0.183102195030065 0.182371050127513 0.181639642381496 0.18090799830433
0.211804582752318 0.211104713020447 0.210403856384802 0.209701998716475 0.208999128581326 0.208295237220332 0.2075903185182 0.206884368960682 0.206177387581274 0.205469375897932 0.204760337840484 0.204050279669564 0.203339209887784 0.202627139144012 0.201914080131554 0.201200047481072 0.200485057649089 0.199769128802886 0.199052280702618 0.198334534581396 0.197615913024147 0.196896439845922 0.19617613997037 0.195455039309018 0.194733164641945 0.194010543500432 0.193287204052081 0.192563174988858 0.191838485418493 0.191113164759589 0.190387242640769 0.189660748804124 0.188933713013172 0.188206164965576 0.187478134210663 0.186749650071951 0.186020741574676 0.185291437378385 0.184561765714584 0.183831754329427 0.183101430431368 0.182370820643709 0.181639950961953 0.180908846715809
0.211803713728733 0.211103034923327 0.210401420089391 0.209698855603862 0.208995330365081 0.208290835776176 0.207585365717546 0.206878916508948 0.206171486861699 0.205463077821595 0.204753692703207 0.204043337016171 0.203332018384278 0.202619746458003 0.201906532821286 0.201192390893295 0.200477335825937 0.199761384397851 0.199044554905678 0.198326867053225 0.197608341839333 0.196889001445053 0.196168869120738 0.195447969073764 0.1947263263573 0.194003966760761 0.193280916702357 0.192557203124206 0.191832853390403 0.191107895188374 0.190382356433845 0.189656265179686 0.188929649528834 0.188202537551505 0.187474957206833 0.186746936269037 0.186018502258194 0.185289682375669 0.184560503444207 0.183830991852686 0.183101173505461 0.182371073776279 0.181640717466647 0.18091012876856
0.211803640411411 0.211102184797742 0.2103998412211 0.209696596554375 0.208992440030464 0.208287363228292 0.207581360048758 0.206874426681056 0.206166561559827 0.205457765313692 0.204748040705711 0.204037392566426 0.203325827720063 0.202613354904633 0.201899984686539 0.201185729370442 0.200470602905018 0.199754620785329 0.199037799952487 0.198320158691226 0.1976017165261 0.196882494116827 0.196162513153472 0.195441796251934 0.194720366850324 0.193998249106682 0.193275467798528 0.19255204822459 0.191828016109166 0.191103397509398 0.190378218725744 0.189652506215966 0.18892628651279 0.18819958614545 0.187472431565266 0.186744849075356 0.186016864764569 0.185288504445705 0.184559793598019 0.183830757314032 0.183101420250618 0.182371806584303 0.181641939970731 0.180911843508196
0.211804331409626 0.211102129976532 0.210399086003808 0.20969518684947 0.208990422081211 0.208284783464738 0.207578264942789 0.206870862605232 0.206162574650675 0.205453401340028 0.204743344942592 0.204032409675147 0.2033206016347 0.202607928725427 0.201894400580471 0.201180028479182 0.200464825260467 0.199748805232841 0.199031984081834 0.198314378775318 0.197596007467383 0.196876889401298 0.196157044812143 0.195436494829576 0.194715261381274 0.19399336709746 0.193270835216995 0.192547689495339 0.191823954114841 0.191099653597568 0.190374812721049 0.189649456437115 0.188923609794087 0.188197297862467 0.187470545664307 0.186743378106348 0.186015819917026 0.185287895587406 0.184559629316089 0.183831044958047 0.183102165977477 0.182373015404513 0.181643615795844 0.180913989199119
0.211805756666318 0.211102839173487 0.210399122078797 0.209694593213816 0.20898924247972 0.208283061837646 0.20757604529044 0.206868188856142 0.206159490533567 0.205449950260449 0.20473956986457 0.204028353008389 0.203316305127689 0.202603433364798 0.201889746496917 0.201175254860154 0.2004599702698 0.199743905937463 0.199027076385593 0.198309497359962 0.197591185740655 0.196872159452074 0.196152437372479 0.195432039243549 0.194710985580383 0.193989297582421 0.193266997045619 0.192544106276312 0.191820648007031 0.191096645314641 0.19037212154101 0.189647100216492 0.188921604986423 0.188195659540775 0.187469287547171 0.186742512587316 0.186015358096991 0.18528784730964 0.184560003203606 0.183831848453028 0.183103405382389 0.182374695924728 0.181645741583409 0.180916563397461
0.211807887395661 0.211104282419616 0.210399918440486 0.209694783751244 0.20898886858391 0.208282165101662 0.207574667383012 0.206866371398298 0.206157274978868 0.205447377779316 0.204736681233201 0.204025188502688 0.203312904422576 0.202599835439232 0.201885989544898 0.201171376207924 0.200456006299433 0.19973989201693 0.199023046805406 0.198305485276416 0.197587223125632 0.196868277049383 0.196148664660632 0.195428404404804 0.194707515475951 0.193986017733609 0.19326393162071 0.192541278082926 0.191818078489754 0.191094354557589 0.19037012827511 0.189645421831147 0.188920257545264 0.188194657801212 0.187468644983431 0.186742241416659 0.186015469308808 0.185288350697128 0.184560907397739 0.183833160958523 0.183105132615418 0.182376843252072 0.181648313362843 0.180919563019094
0.21181069602388 0.211106431002656 0.210401445375338 0.209695727883728 0.208989269086932 0.208282061355003 0.207574098855263 0.206865377531497 0.20615589507635 0.205445650897276 0.204734646076409 0.204022883324742 0.203310366931068 0.202597102706108 0.2018830979223 0.201168361249702 0.200452902688514 0.199736733498654 0.199019866126917 0.198302314132121 0.197584092108767 0.196865215609608 0.196145701067585 0.195425565717528 0.194704827518029 0.193983505073849 0.193261617559203 0.192539184642259 0.191816226411138 0.191092763301694 0.190368816027304 0.189644405510915 0.188919552819516 0.188194279101213 0.187468605525047 0.186742553223687 0.186016143239069 0.185289396471064 0.184562333629243 0.183834975187748 0.183107341343289 0.18237945197627 0.181651326615008 0.180922984403029
0.211814156133158 0.211109257409665 0.21040367440377 0.209697396293242 0.208990413959571 0.208282719982979 0.207574308630615 0.206865175838172 0.206155319185186 0.205444737864314 0.204733432644976 0.204021405831659 0.203308661217318 0.20259520403226 0.201881040888927 0.201166179723017 0.200450629731354 0.199734401306971 0.199017505971831 0.198299956307606 0.197581765884943 0.196862949191644 0.196143521560127 0.195423499094582 0.194702898598167 0.193981737500603 0.193260033786473 0.192537805924565 0.191815072798487 0.191091853638873 0.190368167957354 0.18964403548254 0.188919476098196 0.188194509783761 0.187469156557356 0.186743436421401 0.186017369310944 0.185290975044738 0.184564273279193 0.183837283465166 0.183110024807644 0.182382516228339 0.181654776331136 0.180926823370416
0.211818242408484 0.211112735272502 0.210406578224899 0.209699760866345 0.208992274395249 0.208284111603932 0.20757526686852 0.206865736132691 0.206155516885588 0.205444608134125 0.204733010370016 0.204020725531841 0.203307756962513 0.202594109362493 0.201879788739145 0.20116480235263 0.200449158658702 0.199732867248851 0.199015938788144 0.198298384951196 0.197580218356647 0.196861452500503 0.19614210168876 0.195422180969611 0.194701706065603 0.193980693306083 0.193259159560184 0.192537122170691 0.191814598889025 0.191091607811585 0.190368167317677 0.189644296009222 0.188920012652447 0.188195336121672 0.18747028534537 0.186744879254586 0.186019136733845 0.185293076574572 0.184566717431145 0.183840077779571 0.183113175878833 0.182386029734925 0.181658657067534 0.1809310752794
0.2118229305872 0.211116839316058 0.210410130663976 0.209702794641378 0.208994822757475 0.208286208017476 0.207576944913953 0.206867029412515 0.206156458932069 0.205445232319843 0.204733349821502 0.204020813046628 0.203307624929881 0.202593789688178 0.201879312774233 0.20116420082682 0.200448461618101 0.199732103998398 0.199015137838792 0.198297573971865 0.197579424130979 0.196860700888448 0.196141417592898 0.195421588306204 0.19470122774027 0.193980351193974 0.193258974490558 0.192537113915746 0.191814786156787 0.191092008242734 0.190368797486075 0.189645171425985 0.18892114777333 0.188196744357579 0.187471979075762 0.18674686984358 0.186021434548777 0.185295691006826 0.184569656919016 0.183843349832965 0.183116787105593 0.182389985868576 0.181662962996272 0.180935735076109
0.211828197411144 0.211121545309042 0.21041430662237 0.209706471758124 0.208998032529693 0.208288982154948 0.207579315248916 0.206869027811197 0.206158117208286 0.205446582151103 0.204734422667867 0.204021640072704 0.203308236930164 0.202594217016021 0.20187958527465 0.201164347773279 0.200448511653495 0.199732085080278 0.199015077188972 0.198297498030429 0.197579358514767 0.196860670353957 0.196141446003635 0.195421698604406 0.194701441922924 0.193980690293066 0.193259458557416 0.192537762009355 0.191815616335956 0.191093037561909 0.190370041994699 0.189646646171163 0.188922866805659 0.188198720739933 0.187474224894838 0.186749396224023 0.186024251669661 0.185298808120318 0.184573082371008 0.183847091085483 0.183120850760803 0.182394377694184 0.181667687952143 0.180940797341935
0.211834020581217 0.211126830017243 0.210419082029964 0.209710767409827 0.20900187826735 0.208292408031986 0.207582351445951 0.206871704553166 0.206160464683494 0.205448630432463 0.204736201636709 0.204023179345369 0.203309565787695 0.202595364337154 0.201880579472297 0.201165216734704 0.200449282684298 0.199732784852324 0.199015731692328 0.1982981325294 0.197579997508025 0.196861337538813 0.196142164244408 0.195422489904862 0.194702327402733 0.193981690168173 0.193260592124273 0.192539047632854 0.191817071440967 0.191094678628285 0.190371884555568 0.189648704814389 0.18892515517827 0.188201251555369 0.187477009942821 0.186752446382881 0.186027576920931 0.185302417565413 0.184576984249812 0.183851292796656 0.183125358883641 0.182399198011847 0.181672825476087 0.180946256337393
0.211840378714245 0.211132671159076 0.210424433799851 0.209715657797445 0.209006335552145 0.208296460703167 0.207586028123505 0.206875033910247 0.206163475370511 0.205451351003175 0.204738660476619 0.204025404602691 0.203311585307106 0.202597205596578 0.2018822695229 0.201166782144254 0.200450749484033 0.199734178487454 0.199017076976235 0.198299453601609 0.19758131779599 0.19686267972351 0.196143550229751 0.195423940790894 0.194703863462558 0.193983330828557 0.193262355949819 0.192540952313672 0.191819133783719 0.191096914550471 0.190374309082935 0.189651332081313 0.18892799843095 0.18820432315769 0.187480321384718 0.186756008291044 0.186031399071674 0.185306508899551 0.184581352889368 0.183855946063237 0.183130303318317 0.182404439396376 0.181678368855321 0.18095210604271
0.21184725130199 0.211139047363312 0.210430339785176 0.209721120086026 0.209011380948313 0.208301116218568 0.207590320903164 0.206878991159855 0.206167124285225 0.205454718698251 0.204741773920127 0.204028290550548 0.203314270240687 0.202599715663073 0.201884630478604 0.20116901930097 0.200452887658692 0.199736241955071 0.199019089426277 0.198301438097862 0.197583296739931 0.196864674821229 0.196145582462409 0.195426030388699 0.194706029882216 0.193985592734144 0.193264731197006 0.192543457937212 0.191821785988091 0.19109972870359 0.190377299712785 0.189654512875381 0.188931382238339 0.188207921993745 0.187484146438038 0.186760069932716 0.186035706866573 0.185311071619573 0.184586178528417 0.183861041853833 0.183135675749645 0.182410094233659 0.181684311160347 0.180958340195385
0.211854618672221 0.211145938128876 0.210436778738064 0.209727132363122 0.209016991960883 0.208306351582229 0.207595206368641 0.206883552544833 0.20617138740757 0.205458709310887 0.204745517647778 0.204031812828635 0.203317596256521 0.202602870299603 0.201887638260846 0.201171904345268 0.20045567362496 0.19973895200209 0.19902174617017 0.198304063573762 0.197585912366922 0.196867301370564 0.196148240029013 0.195428738365941 0.194708806939912 0.193988456799773 0.193267699440027 0.192546546756452 0.1918250110021 0.191103104743851 0.190380840819697 0.189658232296881 0.188935292431043 0.188212034626477 0.187488472397628 0.186764619331898 0.186040489053878 0.185316095191057 0.184591451341074 0.183866571040567 0.183141467735655 0.182416154754095 0.181690645279097 0.18096495232487
