b_HostFR.asc
NCOLS 390 
NROWS 330 
XLLCORNER -114.008545134 
YLLCORNER 32.991922429 
CELLSIZE 0.0333547025948718 
NODATA_value -9999 
[rows 40 to 59 of 330, columns 308 to 351 of 390]
0.167688812876947 0.167193397252936 0.166693771600622 0.166189901893717 0.165681763094067 0.165169338634438 0.16465261991011 0.164131605781006 0.163606302085775 0.163076721169097 0.162542881423237 0.162004806844671 0.16146252660647 0.160916074646944 0.160365489274876 0.159810812791622 0.159252091130129 0.158689373510932 0.158122712114971 0.157552161773122 0.15697777967215 0.156399625076801 0.15581775906766 0.155232244294387 0.154643144743881 0.154050525522906 0.153454452654687 0.152854992888972 0.152252213525035 0.151646182247078 0.151036966971536 0.150424635705706 0.149809256417208 0.149190896913724 0.148569624732529 0.147945507039283 0.147318610535592 0.146689001374877 0.146056745086052 0.145421906504583 0.144784549710478 0.144144737972791 0.143502533700227 0.142857998397473
0.167525010807742 0.167036750615302 0.166544048996332 0.166046875491881 0.165545208930233 0.165039036872028 0.16452835506638 0.164013166919692 0.163493482978633 0.162969320428444 0.162440702607587 0.161907658539514 0.161370222482151 0.160828433495525 0.160282335027826 0.159731974520042 0.159177403029171 0.158618674869962 0.158055847274973 0.157488980072702 0.156918135383452 0.156343377332549 0.155764771780445 0.155182386069268 0.154596288785252 0.154006549536535 0.15341323874575 0.152816427456839 0.152216187155498 0.151612589602658 0.151005706680422 0.150395610249867 0.149782372020128 0.149166063428186 0.148546755528823 0.14792451889416 0.147299423522274 0.146671538754371 0.146040933199995 0.145407674669822 0.144771830115544 0.144133465576412 0.143492646132008 0.142849435860828
0.167359673683175 0.166878735793904 0.166393114165755 0.165902782391877 0.165407723647346 0.164907930094654 0.16440340230263 0.163894148680506 0.163380184928486 0.162861533506039 0.162338223118777 0.161810288224666 0.161277768560079 0.160740708686025 0.160199157554757 0.159653168096798 0.159102796828297 0.158548103478565 0.157989150637467 0.157426003422361 0.156858729164104 0.156287397111697 0.15571207815497 0.155132844564805 0.154549769750233 0.153962928031829 0.153372394430725 0.152778244472626 0.152180554006147 0.15157939903483 0.150974855562176 0.150366999449071 0.149755906282944 0.149141651258053 0.148524309066282 0.147903953797876 0.147280658851509 0.146654496853161 0.146025539583267 0.145393857911597 0.144759521739405 0.144122599948364 0.143483160355829 0.142841269675995
0.167192953863717 0.166719503880143 0.166241116580845 0.165757770134244 0.165269452578762 0.164776161186724 0.164277901844397 0.163774688449842 0.163266542329911 0.162753491677497 0.162235571009857 0.161712820648658 0.161185286222135 0.160653018189617 0.160116071388504 0.159574504603618 0.159028380158746 0.158477763530097 0.157922722981239 0.157363329219106 0.156799655070492 0.156231775178475 0.155659765718118 0.155083704130796 0.154503668876443 0.153919739203007 0.153331994932412 0.152740516262264 0.152145383582603 0.151546677306953 0.150944477716979 0.150338864820022 0.149729918218831 0.149117716992827 0.14850233959023 0.147883863730427 0.147262366315953 0.146637923353509 0.146010609883441 0.14538049991713 0.144747666381783 0.144112181072123 0.143474114608489 0.142833536400921
0.167025016234193 0.166559217935931 0.166088217137587 0.165611997146345 0.165130551418401 0.164643882879309 0.16415200326351 0.163654932474554 0.163152697967398 0.162645334153685 0.162132881830814 0.16161538763527 0.161092903520552 0.160565486259778 0.160033196972944 0.159496100678662 0.158954265870013 0.158407764114145 0.157856669675087 0.15730105915917 0.156741011182433 0.156176606059301 0.155607925511789 0.155035052398462 0.154458070462378 0.153877064097176 0.153292118130532 0.152703317624149 0.152110747689479 0.1515144933184 0.150914639228024 0.150311269718919 0.149704468545946 0.149094318801031 0.148480902807127 0.147864302022717 0.147244596956181 0.146621867089419 0.145996190810102 0.145367645351994 0.144736306742795 0.144102249758963 0.143465547887043 0.142826273290999
0.166856038714591 0.166398053456153 0.165934588572922 0.165465633116566 0.164991186554953 0.164511258047063 0.16402586574035 0.163535036092068 0.163038803215763 0.162537208253784 0.162030298776476 0.161518128208403 0.161000755281758 0.160478243516977 0.159950660730328 0.159418078568153 0.15888057206732 0.158338219241301 0.157791100691246 0.157239299241326 0.156682899597553 0.156121988029276 0.15555665207248 0.154986980254003 0.154413061835789 0.153834986578259 0.153252844521895 0.152666725786158 0.152076720384827 0.151482918056904 0.150885408112222 0.150284279290931 0.149679619636046 0.149071516378274 0.148460055832386 0.147845323304373 0.147227403008713 0.146606377995085 0.14598233008387 0.14535533980985 0.144725486373526 0.144092847599493 0.143457499901361 0.142819518252736
0.166686212765796 0.166236198823616 0.165780415872065 0.165318859357096 0.164851535393201 0.164378459991012 0.163899658310984 0.163415163944587 0.162925018224046 0.162429269561379 0.161927972817218 0.16142118869962 0.160908983192876 0.160391427016148 0.15986859511155 0.159340566161204 0.158807422132648 0.158269247851872 0.157726130603186 0.157178159755053 0.156625426410984 0.156068023084506 0.155506043397237 0.154939581799084 0.154368733309515 0.153793593278931 0.153214257169112 0.152630820351756 0.15204337792416 0.151452024541026 0.150856854261544 0.150257960410809 0.149655435454696 0.149049370887381 0.148439857130687 0.147826983444477 0.147210837847367 0.146591507047037 0.145969076379495 0.14534362975662 0.144715249621397 0.144084016910278 0.143450011022114 0.142813309793128
0.166515743886686 0.16607385575298 0.165625896662793 0.165171869152032 0.164711786659242 0.164245672704133 0.163773560096172 0.16329549017452 0.162811512080199 0.162321682061088 0.161826062810023 0.161324722836067 0.160817735868746 0.160305180294882 0.159787138627502 0.159263697006131 0.158734944727678 0.158200973807023 0.157661878566357 0.157117755252223 0.156568701679209 0.156014816899192 0.155456200894989 0.15489295429732 0.154325178123942 0.153752973539805 0.153176441637167 0.152595683234565 0.152010798693561 0.151421887752256 0.150829049374549 0.150232381614202 0.149631981492729 0.149027944890258 0.1484203664485 0.14780933948497 0.14719495591772 0.146577306199823 0.145956479262889 0.145332562468967 0.144705641570173 0.144075800675473 0.143443122224038 0.142807686964636
0.166344852098604 0.165911239719812 0.165471241592951 0.165024868087078 0.164572140686041 0.164113091116279 0.163647760509033 0.163176198598071 0.162698462953616 0.16221461825289 0.161724735587335 0.16122889180635 0.160727168897168 0.160219653400251 0.159706435859502 0.159187610306377 0.158663273776939 0.158133525860754 0.157598468280489 0.157058204501023 0.156512839366825 0.155962478766359 0.155407229322233 0.154847198105846 0.154282492375267 0.153713219335109 0.153139485917188 0.152561398580769 0.151979063131264 0.151392584556233 0.150802066877639 0.150207613019306 0.149609324688569 0.149007302271178 0.148401644738548 0.147792449566471 0.147179812664469 0.146563828315021 0.145944589121896 0.145322185966926 0.144696707974518 0.144068242483327 0.143436875024464 0.142802689305719
0.166173772412832 0.165748580370428 0.165316674686946 0.164878074356842 0.164432809675501 0.163980921314805 0.163522459437848 0.163057482853648 0.162586058212387 0.162108259241276 0.161624166020917 0.161133864301762 0.160637444859988 0.160135002892032 0.159626637446756 0.159112450894159 0.158592548429448 0.15806703761114 0.157536027931908 0.156999630420734 0.156457957275008 0.155911121521112 0.155359236702097 0.154802416591046 0.154240774928718 0.153674425184122 0.153103480336696 0.152528052678791 0.151948253637215 0.151364193612627 0.150775981835631 0.150183726238453 0.149587533341125 0.148987508151192 0.148383754075952 0.147776372846328 0.14716546445149 0.146551127083433 0.145933457090705 0.145312548940582 0.144688495188989 0.144061386457524 0.143431311416992 0.142798356776864
0.166002755276111 0.165586121907773 0.165162433676672 0.164731719045321 0.164294017932825 0.16384938073692 0.163397867400259 0.162939546521576 0.162474494511955 0.162002794796046 0.161524537057826 0.161039816530196 0.160548733327515 0.160051391819998 0.159547900048718 0.159038369179893 0.158522912996992 0.158001647429161 0.157474690114417 0.156942159996023 0.15640417695044 0.155860861445291 0.155312334225705 0.154758716027539 0.154200127315922 0.153636688047604 0.153068517455739 0.152495733855618 0.151918454470075 0.151336795273213 0.15075087085125 0.150160794279301 0.149566677012928 0.148968628793431 0.148366757565841 0.147761169408663 0.147151968474442 0.14653925694032 0.145923134967765 0.145303700670706 0.144681050091392 0.144055277183271 0.143426473800301 0.142794729692092
0.165832066988781 0.165424123448122 0.165008770301893 0.164586046374847 0.164156002068676 0.163718698329454 0.163274205664824 0.162822603211316 0.162363977851644 0.161898423381547 0.161426039725451 0.160946932199916 0.160461210823678 0.159968989672902 0.159470386280141 0.158965521075342 0.158454516867262 0.15793749836347 0.157414591727221 0.156885924169354 0.156351623573448 0.155811818152426 0.155266636134909 0.154716205479536 0.154160653615628 0.153600107208556 0.153034691948233 0.152464532359251 0.151889751631189 0.151310471467714 0.150726811953157 0.150138891435311 0.149546826423247 0.148950731499021 0.148350719242215 0.147746900166286 0.147139382665788 0.146528272973572 0.145913675127126 0.14529569094327 0.144674420000475 0.144049959628126 0.143422404902078 0.142791848645921
0.165661990089646 0.165262859342888 0.164855950574601 0.164441313918301 0.164019011164257 0.16358911467152 0.163151706335669 0.162706876612238 0.162254723595368 0.161795352150847 0.161328873102452 0.160855402470236 0.160375060759206 0.159887972296693 0.159394264616588 0.158894067888509 0.158387514389954 0.157874738019403 0.157355873848341 0.156831057710191 0.156300425824139 0.155764114451883 0.155222259585375 0.154674996663657 0.154122460317008 0.15356478413659 0.153002100467955 0.152434540226741 0.151862232735058 0.151285305577039 0.15070388447219 0.1501180931652 0.149528053330935 0.148933884493452 0.148335703957908 0.147733626754308 0.147127765592101 0.146518230824713 0.145905130423143 0.145288569957807 0.144668652587896 0.144045479057524 0.143419147698028 0.142789754435803
0.165492823700939 0.165102619459355 0.164704255001504 0.16429779276907 0.163883306894099 0.16346088205517 0.16303061239567 0.162592600503668 0.162146956452573 0.161693796901267 0.161233244252259 0.160765425866097 0.160290473330106 0.159808521779417 0.159319709268092 0.158824176188113 0.15832206473397 0.157813518410556 0.157298681582049 0.156777699059571 0.156250715725329 0.155717876191128 0.155179324489067 0.154635203792438 0.154085656164792 0.1535308223353 0.152970841498597 0.152405851137346 0.151835986865913 0.151261382293531 0.150682168905522 0.150098475961159 0.149510430406813 0.148918156803199 0.148321777265513 0.147721411415383 0.147117176343605 0.146509186582715 0.145897554088497 0.145282388229601 0.144663795784493 0.144041880945041 0.143416745326041 0.14278848798008
0.165324883826385 0.164943709413564 0.164553978758297 0.164155767662812 0.16374916360104 0.16333426451889 0.162911177703405 0.162480018719855 0.162040910415384 0.16159398198755 0.161139368115756 0.160677208153421 0.160207645378552 0.159730826300255 0.159246900018657 0.158756017635646 0.158258331713848 0.157753995781234 0.157243163878801 0.156725990148803 0.15620262846108 0.155673232075075 0.155137953335255 0.154596943397673 0.154050351985582 0.153498327172013 0.152941015187393 0.152378560250363 0.15181110442002 0.151238787467953 0.150661746768467 0.150080117205593 0.149494031095417 0.148903618122506 0.148309005289176 0.147710316876491 0.147107674415899 0.146501196670588 0.145890999625576 0.145277196485724 0.144659897680884 0.144039210877431 0.143415240995527 0.142788090231488
0.165158503594568 0.164786450748151 0.164405431808932 0.164015537044676 0.163616868317463 0.163209537828469 0.162793666938851 0.162369385065207 0.161936828647726 0.161496140188793 0.161047467359595 0.160590962172057 0.160126780213363 0.159655079940117 0.15917602202928 0.15868976878288 0.158196483583575 0.157696330398174 0.157189473326231 0.156676076190956 0.156156302169722 0.155630313461565 0.155098270989165 0.154560334132902 0.154016660494692 0.153467405689418 0.15291272316187 0.152352764027257 0.151787676933413 0.151217607942956 0.150642700433769 0.150063095016272 0.149478929466002 0.148890338670221 0.148297454587227 0.147700406217261 0.147099319583874 0.146494317724771 0.145885520691199 0.145273045554984 0.144657006422459 0.144037514454503 0.143414677892038 0.142788602086346
0.164994033439382 0.164631181047345 0.164258938962632 0.163877413075279 0.163486720726628 0.163086989399579 0.162678355492551 0.162260963175003 0.161834963322031 0.161400512525195 0.160957772176615 0.160506907623113 0.160048087387151 0.159581482451191 0.159107265602189 0.158625610832784 0.158136692795957 0.157640686309877 0.1571377659098 0.15662810544393 0.156111877710331 0.155589254132015 0.155060404467516 0.154525496554356 0.153984696082942 0.153438166398567 0.15288606832932 0.152328560037814 0.151765796894798 0.151197931372822 0.150625112958201 0.150047488079763 0.149465200052763 0.148878389036697 0.148287192005626 0.147691742729862 0.147092171767873 0.146488606467402 0.145881170974816 0.145269986251845 0.144655170098855 0.144036837183961 0.143415099077248 0.142790064289498
0.164831841208553 0.16447825398081 0.16411483986099 0.16374172156834 0.163359033057555 0.162966918156037 0.162565529292875 0.162155026316678 0.161735575399104 0.161307348020586 0.160870520034711 0.160425270807411 0.159971782427242 0.15951023898288 0.159040825904009 0.158563729361878 0.158079135725814 0.1575872310721 0.157088200741774 0.156582228943977 0.156069498401635 0.155550190036445 0.155024482690216 0.154492552879791 0.153954574582971 0.153410719052913 0.152861154658717 0.15230604675001 0.15174555754347 0.15117984602938 0.150609067896437 0.150033375473142 0.14945291768424 0.148867840020757 0.148278284522318 0.147684389770514 0.147086290892183 0.146484119571549 0.145878004070271 0.145268069254486 0.144654436628071 0.144037224371331 0.143416547384468 0.142792517335175
0.164672312190792 0.16432803926757 0.163973488887004 0.163608801852539 0.163234129906704 0.162849634317654 0.162455484565749 0.162051857126599 0.16163893434658 0.161216903406704 0.16078595537054 0.160346284311857 0.159898086517565 0.159441559761634 0.158976902645691 0.158504314002078 0.158023992355314 0.15753613543799 0.157040939757307 0.156538600208617 0.156029309732512 0.155513259012141 0.154990636207636 0.154461626724708 0.15392641301464 0.153385174403022 0.152838086944827 0.152285323303538 0.151727052652141 0.151163440594066 0.150594649102151 0.150020836473995 0.149442157302018 0.148858762456841 0.148270799082576 0.147678410602793 0.147081736735999 0.146480913519594 0.145876073341288 0.145267344977145 0.144654853635367 0.144038721005152 0.143419065309863 0.142796001363959
0.164515849051404 0.164180922550653 0.163835254987599 0.163479006549863 0.163112347979392 0.162735459111239 0.162348527521132 0.161951747277239 0.161545317791432 0.161129442765094 0.160704329224469 0.16027018664058 0.159827226128659 0.159375659722234 0.158915699717055 0.158447558080215 0.15797144591991 0.157487573011625 0.156996147376498 0.156497374908025 0.155991459043302 0.15547860047532 0.154958996902966 0.154432842815597 0.153900329309264 0.15336164393183 0.152816970554424 0.152266489266843 0.151710376294679 0.15114880393612 0.150581940516496 0.150009950358845 0.149432993768818 0.148851227032471 0.14826480242553 0.147673868232879 0.14707856877709 0.146479044454939 0.145875431780936 0.145267863436956 0.144656468327192 0.144041371637655 0.14342269489957 0.142800556056045
