Environ_rasters/b_cc_r.asc
NCOLS 390 
NROWS 330 
XLLCORNER -114.008545134 
YLLCORNER 32.991922429 
CELLSIZE 0.0333547025948718 
NODATA_value -9999 
[rows 140 to 174 of 330, columns 0 to 79 of 390]
101 101 101 101 101 101 101 101 101 101 101 101 101 101 101 101 101 101 99.3125 78.8125 94.1875 101 101 101 101 101 101 101 101 101 101 101 101 101 101 101 101 101 101 101 98.125 101 101 99.375 101 101 101 101 97.5625 85.1875 79.9375 71.25 60.0625 57.5 60.75 91 91 96.5 75.625 68.9375 81.125 73.25 100.375 101 79.5625 65.4375 91.1875 78.8125 85.9375 95.5625 93.4375 101 88 60.25 53.625 53.625 86.125 84.1875 68.4375 66.375
101 101 101 101 101 101 101 101 100.8125 96.5 98.625 101 101 101 101 101 101 101 88.875 85.3125 100.625 101 100.25 101 101 101 101 101 101 101 101 101 101 101 101 101 101 101 101 101 101 101 101 101 101 101 101 101 101 92 72.375 62.9375 60.5625 72.875 65.8125 95.75 101 101 66 63.1875 68.4375 67.125 90.4375 100.375 95.5 87 91.0625 74.375 77.75 98.75 100.4375 95.875 75.25 67.5 51.5625 83.375 88.125 86.4375 64.75 49.5625
101 101 101 101 101 101 101 100.6875 81 78.375 92.875 100.75 101 101 101 101 101 101 95.9375 95.875 101 101 101 101 101 101 101 101 101 101 101 101 101 100.9375 101 101 101 100.8125 101 101 101 101 101 101 101 101 101 101 101 101 88.9375 76.6875 70.5625 58.625 65.5 100.4375 101 99.8125 69.1875 54.5625 91.4375 85.875 97 99.5 100.875 98.5 96.6875 100.0625 97.25 100.625 96.125 77 52.5 52.4375 59.75 70.125 97.25 83.625 81.4375 68.6875
101 101 101 101 101 101 101 100.0625 79.4375 77.0625 97.9375 100.625 101 101 101 101 101 93.4375 74.8125 78.5 98.9375 101 101 101 101 101 101 101 101 101 101 101 101 101 101 101 101 101 101 101 101 101 101 101 101 101 101 101 101 101 96.875 91.4375 80.5625 95.3125 82.8125 73.4375 83.1875 92.25 64.5 45.375 88.75 81 96.1875 99.0625 93.625 100.3125 101 101 100.8125 97.3125 92.1875 65.3125 57.125 62.75 78.1875 94.5 96.75 72.5625 76.3125 74.625
101 101 101 101 101 101 101 101 97.125 96.9375 100.375 101 101 101 101 101 101 62.3125 69.8125 75.4375 98.1875 101 101 101 101 101 101 101 101 101 101 101 101 101 101 101 101 101 101 101 101 101 101 101 101 101 101 101 101 101 101 87.9375 85.3125 86.0625 92.25 64.0625 53.8125 84.0625 74.75 56.5625 94.75 81.6875 101 84.1875 93.625 101 101 101 98.4375 91.25 75.6875 72.5 61 57.6875 70.5625 83.375 84.25 70.9375 74.875 83.8125
101 101 101 101 101 101 101 101 101 101 100.75 100.3125 100.625 100.75 101 101 101 97.6875 69.9375 90.4375 101 101 101 101 101 101 101 101 101 101 101 99.9375 101 101 101 101 101 101 101 101 100.6875 101 101 101 101 101 101 101 101 101 101 100.0625 95.8125 92.8125 65.9375 74.375 52.625 51.4375 76.5 63.375 83.5625 76.625 100.4375 96.9375 98.375 99.9375 101 98.5 101 92.25 76.125 76.875 77.5625 75.75 81.5 91 76.8125 54.5625 65.375 65
101 101 101 101 101 101 101 101 101 101 100.5625 98.25 94.8125 100.6875 101 101 101 100.5 91.625 95.5625 101 101 101 101 101 101 101 101 101 101 101 101 101 101 101 101 101 101 101 101 100.25 101 101 101 101 101 101 101 101 101 101 101 99.6875 89.6875 60.9375 51.6875 43.9375 61.9375 101 82.75 81.375 84.9375 101 101 93.5 101 101 101 101 87.9375 82.5 68.9375 74.3125 71.375 77.125 76.5625 72.5625 73.9375 74.0625 85.8125
101 101 101 101 101 101 101 101 101 101 100.625 101 99.4375 100.25 100.875 101 101 101 101 101 101 101 101 101 101 101 101 101 101 101 101 99.1875 101 101 101 101 101 101 101 101 101 101 101 101 101 101 101 101 101 101 101 101 86.625 75.375 64.125 51.25 45.0625 73.875 95.8125 80.6875 62 75.8125 100.5 101 101 98.25 101 101 101 81.4375 54.1875 56.25 54.4375 53.75 74.25 78.5 70.75 85 75.8125 91.75
101 101 101 101 101 101 101 101 101 101 101 94.4375 90.6875 81.9375 80.8125 100.1875 101 101 101 101 101 101 101 101 101 101 101 101 101 101 101 101 101 101 101 101 101 101 101 101 101 101 101 101 101 101 101 101 101 100.5 97.375 101 77.3125 73.8125 57.8125 51.6875 60 64.8125 99.5625 83.9375 59.25 85.1875 101 101 101 101 101 100.125 99.5625 58.625 51.6875 51.25 56.1875 82.5 96.9375 66.1875 78.9375 62.4375 78.375 72
101 101 101 101 101 101 101 101 101 101 96.3125 95.75 81.6875 67.9375 70.75 91.625 101 101 101 101 101 101 101 101 101 101 101 101 101 101 101 101 100.5 101 101 101 101 101 101 101 101 101 101 101 101 101 101 101 100.0625 101 97.4375 101 72.375 61.6875 42.4375 56.1875 83.5625 71.5 98.375 93.875 86.5 95 101 101 97.125 101 98.4375 94.4375 74.9375 54.9375 66.0625 58.8125 80.1875 80.0625 76.5625 62.625 69 66 85 81.0625
101 101 101 101 101 101 101 101 101 101 101 100.0625 97.6875 86.0625 80.75 92.4375 101 101 101 101 101 101 101 101 101 101 101 101 101 101 101 96.4375 98.25 101 101 101 101 101 101 101 101 101 101 101 101 101 101 101 101 101 100.1875 94.8125 68.6875 56.25 48.25 79.9375 73.625 52.4375 86.3125 95.875 92.4375 101 101 96.75 94.375 100.625 92.25 77.875 68 45.8125 61.25 56.25 71.8125 66.375 83 79.8125 79.0625 83.4375 98 101
101 101 101 101 101 101 101 101 101 101 101 101 100.8125 100.25 89.9375 101 101 101 101 101 101 101 101 101 101 101 101 101 101 101 101 95 101 101 101 101 101 101 101 101 101 101 101 101 101 101 101 101 101 101 96.625 83.5 65.75 49.3125 59.9375 70.625 80.1875 44 57.5625 79.25 97.625 101 101 99.125 96.75 94.1875 80.75 70.125 67.25 57.4375 71.6875 56.5 67.5625 54.25 70.75 79.625 84.6875 79.6875 83 85.8125
101 101 96.875 95.1875 101 101 101 101 101 101 101 101 101 101 101 100.5 101 101 101 101 101 101 101 101 101 101 101 101 101 100.25 94.875 99.9375 101 101 101 101 101 101 101 101 101 101 101 101 101 101 96.5625 101 101 93.75 72.3125 55.5625 50.0625 60.625 49.3125 59.1875 63.375 51.25 75.5 75.9375 94.5625 96.9375 97.5 101 101 88.9375 94.875 88.3125 82.625 71.25 52.625 48.9375 59.875 72.625 69.875 79 84.75 61 79.75 95.25
101 101 98.0625 96.9375 98.75 101 101 101 101 101 101 101 101 101 101 101 101 101 101 101 101 101 101 101 101 101 101 101 101 97.4375 86.1875 98.25 98.625 101 101 101 101 101 101 101 101 101 101 101 101 101 101 100.3125 97.8125 66.25 46.6875 39.375 49.375 60.25 56.9375 53.0625 60.75 72.25 89.4375 92.0625 101 98.75 97.375 98.875 95.6875 79.25 95.1875 94.3125 79.5625 52.9375 51.0625 54.5 53.5625 73.375 75.4375 86.6875 70.1875 62.3125 73.6875 95
101 101 101 92.5625 84.3125 93.875 90.875 101 101 101 101 101 101 99.5625 99.5625 101 101 101 101 101 101 101 101 101 101 101 101 101 101 98.0625 90.5625 98.5625 101 101 101 101 101 101 101 101 101 101 101 101 101 101 101 101 90.4375 51.9375 60.625 41.5 55.375 84.5625 58.125 57.8125 57.9375 74.125 81.125 95.9375 101 101 101 83.1875 85.5625 84.9375 50.875 65.4375 63.5625 62.25 63.75 62 68.25 75.25 73.9375 81.125 68.875 57.6875 80 101
101 101 101 100.375 91.25 91.875 95 101 101 101 101 101 98 95.125 99.3125 101 101 101 101 101 101 101 101 101 101 101 101 101 101 100.4375 98.875 100.5 101 101 101 101 101 101 99.6875 101 101 101 101 101 101 101 100.4375 99.125 89 62.4375 75 51.1875 71.8125 58.0625 60.4375 59.0625 76.125 85.5 98.3125 101 93.875 100.6875 92.1875 71.4375 88.875 62.4375 62 65.875 60.1875 62.6875 69.125 63.75 68.4375 79.5625 66.5625 81.75 57.75 80.75 99.5 101
101 101 101 100.5 101 101 101 97.125 98.5 101 99.9375 92.125 94.875 101 101 101 101 101 101 101 101 101 101 101 101 101 101 101 101 101 101 101 101 101 101 101 101 101 101 101 99.6875 101 101 101 99.5 93.75 89.0625 85.875 83.3125 82.3125 62.625 61.0625 62.75 66.9375 66.3125 79.8125 83.25 95.1875 99.5625 97.5625 97.5625 98.9375 82.375 59.625 75.875 69.75 58 81.8125 68.125 63.3125 62.9375 62.25 75 67.75 74.8125 72.8125 75.375 80.5625 98 94.9375
101 101 101 101 101 101 101 95.125 99.25 101 101 96.6875 93.5625 99.9375 101 101 101 101 101 101 101 101 101 101 101 101 101 101 101 101 101 101 101 101 100.3125 101 101 98.6875 93.25 101 98.75 101 99.125 96.625 68.0625 61.25 77.125 72.0625 59.6875 71.375 82.75 81.75 83.375 91.8125 69.9375 93.625 95.5 92 90.125 88.5 98.6875 90.125 60.375 59.3125 76.875 64.75 64.8125 81 71.125 72.125 78.875 64.9375 66.9375 83 72.875 59.625 74.5 68.0625 76.0625 94.5
101 101 101 101 101 101 101 100.375 101 101 101 96.1875 79.8125 101 101 101 101 101 101 101 101 101 101 101 101 101 101 101 101 101 101 101 101 101 101 101 101 98.5 94.8125 100.25 97.8125 97.9375 89.5 89.3125 58.6875 60.375 69.5 74.8125 72.1875 72.3125 69.4375 71.4375 78.5625 75.4375 71.625 92.1875 100.75 99 93.1875 100 83.8125 77.4375 55.5625 68.9375 96.375 81.5625 71.875 74.0625 77.3125 96.5 90.5 71.25 73.75 90.0625 67.4375 71.8125 71 73.5 68.875 67.8125
93.8125 96.625 101 101 101 101 101 101 101 101 101 100.3125 71.125 98.5625 101 101 101 101 101 101 101 101 101 101 101 101 101 101 101 101 101 101 101 101 101 101 101 98.25 98.0625 98.875 94.875 87.75 73.9375 73.9375 62.0625 54.3125 72.5625 79.625 61.25 73.3125 67.0625 78.5625 80.6875 78.6875 98 100.125 101 96.875 83.25 55.5 57.125 52.5 86.5 72.3125 90.4375 85.75 64.125 71.5625 88.9375 60.125 81.5 58.8125 87.625 62.0625 68.125 84.875 91.8125 71.4375 78.5 73.6875
69.875 70.375 99.1875 101 101 101 101 101 101 101 101 101 89.0625 92.3125 100.0625 101 101 101 101 101 101 101 100.5625 99.375 101 97.25 98.8125 101 101 101 101 101 101 101 101 101 101 101 96.3125 97.4375 90.8125 85.3125 81.4375 76.9375 70 58.75 70 77.5 67.375 87.3125 86.375 82.875 61.5 98.25 98 101 99.4375 90.0625 50.4375 59.1875 56.6875 61.75 66.8125 77.9375 87.9375 88.4375 57.6875 78.125 63.0625 60.8125 60.4375 62.625 77.25 48.6875 53 85.375 81.4375 69.25 72.0625 99.0625
69.0625 72 96.5625 101 101 101 101 101 101 101 101 101 83.25 66.625 70.125 94.75 99.0625 101 101 101 101 101 92.375 78.3125 91.0625 97.8125 101 101 101 101 101 101 101 101 101 97.6875 101 101 101 101 101 89.9375 92.8125 67.6875 62.875 69.5 66.625 74 79.25 77.75 70.9375 69.125 86.25 101 100.75 101 101 81.75 49.3125 62.375 67.875 57 54.1875 77.75 90 80.6875 46 62.0625 71.75 58.5625 61.875 71.625 62.75 59.4375 84.5 61.6875 81.8125 85.875 91.6875 101
67.3125 58.5 92.6875 101 101 101 101 101 101 101 101 101 98.1875 68.625 69.125 96.5625 101 101 101 101 101 98.3125 68.75 63.25 93.8125 101 101 101 101 101 101 101 101 101 99.25 84.875 96.9375 101 101 101 89.6875 86.5625 93.75 59.375 63.3125 63.8125 72 67.375 66.875 69.8125 95.3125 94.25 99 98.6875 101 100.9375 95.5625 70.3125 63.0625 62.375 62.75 70 58.3125 65 83.125 83.25 50.5 74.875 75.625 73.875 61.25 53.375 74.8125 77.25 95.625 99.5625 86.3125 95.875 100 101
67.9375 56.75 59.75 95.25 94.9375 101 101 101 101 101 101 101 98.1875 71.375 65.375 89.0625 101 101 101 101 101 73.8125 52.5625 70.4375 94.0625 101 96.375 101 101 101 101 101 101 101 96.3125 90.5 89.75 93.25 100.25 101 93.3125 72.4375 87.125 60.1875 44.3125 54.0625 61.625 66.0625 68.75 63.75 53.375 59.375 78.9375 82.75 100.875 101 73.5625 64.8125 58.125 53.25 75.3125 67.4375 74.5 71.25 95.9375 80.375 67.75 54.125 83.125 74.1875 69.8125 51 73.3125 71.75 91.8125 74.9375 74.5 61.375 91.625 101
73.8125 68.5 50.1875 75.125 87.25 101 101 101 101 101 101 101 100.5625 94.4375 94.875 101 101 101 101 101 99.75 72.875 53.75 82.125 99.1875 96.1875 94.625 101 101 101 101 101 101 101 93.125 81.3125 72.0625 73.375 80.625 73 83.8125 100.1875 64.25 60.875 49.5625 50.625 44.75 41.9375 43.8125 45.625 67.1875 59.4375 96.25 85.8125 85.25 79 65.5625 66.3125 63.6875 63.5625 73.9375 94.5625 56.5625 98.125 93.875 74.75 84.75 79.75 74.375 86.125 84.3125 72.375 78.875 81 85.25 71.4375 68.8125 64.75 76.25 99.3125
69.625 60.4375 50.6875 66.25 94.75 101 101 101 101 101 101 101 98.875 72.875 83.125 100.375 101 101 101 101 101 77.125 75.25 95.5 100.125 97.75 101 101 101 101 101 101 101 101 94.125 62.4375 61.5625 74.8125 89.4375 77.6875 76.75 95.625 60.75 63.3125 44.125 46.625 46.25 51.875 58.3125 52.0625 54.375 55.9375 87.625 94.75 91.125 75.3125 79.5625 59.625 67.3125 65.875 81.75 81.625 87.3125 93.6875 83.8125 94.625 101 89 81.5625 83.6875 101 98.5625 101 94.1875 90.0625 61.125 62.4375 67.6875 72.5625 96.3125
74.4375 57.8125 62.6875 66.75 91.3125 101 101 101 101 101 101 101 94.25 69.875 80.375 101 101 101 101 101 101 94.1875 98.6875 99.5625 101 97.625 101 100.125 101 101 101 101 101 101 80.625 57.0625 64.625 91.25 93.4375 85.75 92.9375 86.875 72 54.0625 48.5625 48.75 51.3125 59.25 73 46 32.0625 71.4375 97.3125 99.25 99.0625 76.8125 79.75 46.125 68.3125 86.125 88.5625 52 97.9375 97.5625 90.125 100.5625 101 93.1875 93.8125 101 101 98.5625 93.1875 88.1875 53.875 52.5 50.875 72.1875 81.25 97.9375
87.25 80.9375 59.5625 71.25 90.125 101 101 101 101 101 101 100 73.5 58.6875 87.875 101 101 101 101 101 101 98.75 97.5625 100.125 99.9375 97.9375 101 101 101 101 101 101 100.375 93.8125 75 73.3125 60.25 86.375 93.9375 94.625 86.8125 84.0625 75 54.375 43.1875 53.5 58.875 88.75 84.0625 74.75 49.0625 69.0625 93.8125 94.4375 99.375 98.1875 71.1875 48.5625 51.875 67.9375 64.25 44.4375 101 96.6875 92.5625 101 101 101 101 101 99.6875 99.625 99.125 73.1875 60.5 67.5 58.625 60.9375 83.3125 96.75
86.5 70.75 69.3125 66.625 84.6875 100.0625 101 101 101 101 96.75 72.125 70.5625 59.0625 83.125 101 101 101 101 101 101 94.9375 96.125 98.625 93.75 82.1875 92.8125 101 101 100.5 101 101 101 87.875 69.375 78.375 51.8125 79.9375 93.75 79.375 97.0625 96.6875 89.0625 58.8125 51.375 38.75 70.0625 67.25 88.125 77.375 67.3125 55.25 86.9375 101 100.5 101 92.75 62.4375 61 66.5625 54.625 63.875 100 69.625 101 101 101 101 95.8125 100.125 101 95.25 98.25 71.5 88.5 70.75 77.625 69.0625 72.875 91.75
92.0625 64.3125 54.5625 56.875 78.125 82.875 97.25 101 101 99.6875 67 69.75 54.625 48.75 72.125 92.1875 98.25 101 101 101 92.4375 96.375 90.5625 92.6875 93.25 89.5 97.5 101 101 101 101 101 87.4375 85.625 84.25 80.4375 63.4375 98.125 100.75 99.9375 101 95.5 93.1875 63.75 53.5 53.375 59.25 56.5 59.125 83.0625 51.5 69.3125 73 95.125 100.125 101 101 70.9375 65.5625 67.125 63.1875 97.8125 80.9375 64.5625 98.9375 101 101 101 100.5625 98.4375 101 100.125 100.125 93 89.3125 69.3125 73.625 87.5625 94.25 99.75
91.625 70.4375 58.5625 56.0625 45.4375 64.8125 86.125 100 101 95.75 60.375 61 60.8125 48.5 64.3125 90.125 77.125 98.375 101 96.9375 92.3125 94.6875 92.5 94.8125 98.125 99.125 101 101 101 101 101 101 76.125 83 78.9375 93.125 92.375 101 101 101 101 95.6875 94.1875 70.5 49.875 45 58.0625 72 54.0625 60.625 47.0625 59.875 59.9375 90.6875 98.625 95.3125 95.375 65.9375 94.75 77.5 70.4375 101 83.9375 72.4375 96.25 97.5 101 101 101 101 101 101 99.3125 95.8125 91 97.9375 98.625 96.875 93.4375 97.875
88.9375 72.6875 57.8125 70.5625 51.375 70.6875 85.6875 94.3125 98.0625 98.625 70.8125 68.375 55.1875 52.6875 64.4375 73.4375 54 82 101 99.5625 97.75 96.0625 99.5 98.9375 101 101 101 101 101 101 101 101 92.125 66.0625 58.75 70.25 101 101 101 101 92.0625 99.625 84.0625 43.6875 47.5625 51.1875 51.0625 66.25 53.25 57.25 63.8125 69.8125 78.1875 99.5625 96.6875 72 61.5 75.6875 85.4375 71.5625 101 101 71.25 82.5 100.25 99.9375 101 101 101 101 101 101 101 85.4375 77.75 90.3125 96.5 92.5625 89.0625 90.3125
91.25 70.5625 70.0625 48.625 60.9375 64.1875 82.375 87.6875 93.625 100.3125 92.3125 70.5 65.875 61 70 72.4375 65.9375 80.4375 101 101 101 101 101 101 101 101 101 101 101 101 101 101 101 85.0625 71.5625 99.0625 99.75 98.5625 99.3125 92.9375 92.125 96.25 84.4375 50.75 65.6875 47.5 53.5625 51.5625 54 66.625 64.625 77.75 90 101 99.125 88.1875 72.5 72.3125 94.75 76.6875 101 101 66.5 86.8125 98.9375 100.5625 101 101 101 101 101 93.9375 98.6875 65.5 37.9375 49.0625 49.125 77.375 85.75 80.625
101 77.9375 55.625 52.125 69.5625 77.0625 81.5 89.6875 97.875 99.8125 101 94.8125 69.8125 53.4375 82.125 76.0625 87.375 80.0625 93.125 101 101 100.375 101 101 101 101 101 101 101 101 101 100.375 100.4375 96.3125 92.625 94.125 98.125 101 101 101 98.8125 87.125 66.875 55.875 63.8125 66.5 39 42.75 38.375 83.6875 58.6875 90.125 100.5 96.1875 90.125 96.625 77.625 56.75 58.1875 86.375 100.3125 101 83.625 97.375 101 101 97 101 101 101 101 101 94.125 49.4375 54 49.25 45.8125 54.75 59.5625 53.125
100.1875 88.3125 64.125 53.5625 66.4375 52.3125 63.6875 93.1875 96.75 94.5625 101 86.4375 77.5625 74.3125 79.9375 85.5 88.875 84.5625 70.1875 99.125 101 101 101 101 101 101 101 101 101 101 101 101 101 82.1875 60.375 44.625 48.3125 62.125 80.5 69.875 65.6875 59.5 66.9375 84.9375 83.8125 48.6875 54.1875 52.5 67.375 67.25 63 101 101 99.0625 97.5625 92.1875 83.75 81.8125 91.5625 98.875 99.5 96.4375 75.1875 82.875 99 101 101 101 97.875 101 101 98.125 92.125 56.0625 75.8125 66.9375 61.375 49.5625 50.625 42.875
