Environ_rasters/b_cc_r.asc
NCOLS 390 
NROWS 330 
XLLCORNER -114.008545134 
YLLCORNER 32.991922429 
CELLSIZE 0.0333547025948718 
NODATA_value -9999 
[rows 175 to 209 of 330, columns 80 to 159 of 390]
61.75 80.125 86.9375 96.625 76.8125 92.5625 99.625 101 101 101 101 101 101 99.4375 69.875 54.75 49.3125 50.875 69 100.375 101 101 101 101 101 101 101 99.4375 101 101 100.5625 99.5625 101 101 101 93.9375 88.3125 96.875 97.875 101 101 101 100.5625 101 101 96.25 101 101 99.5 96.625 101 101 100.0625 94.6875 98.25 99.8125 99.6875 101 101 101 101 100.5625 99.0625 98.5625 86.3125 78.3125 80.8125 88.4375 92.3125 73.875 59.875 84.625 92.1875 97.8125 81.8125 66.8125 73.6875 90.3125 82.5 77.875
59.25 53.75 67 90.4375 89.375 94.625 100.375 101 101 101 101 101 101 95.625 63.5 62.1875 35.25 41.75 88.125 99.6875 101 101 101 101 101 101 101 101 101 100.4375 100.5625 101 101 99.8125 98.25 91.1875 82.6875 98 101 100.8125 101 99.5 101 101 99.25 100.125 99.25 96.9375 101 95.5 100.375 101 101 98.3125 96.375 94.8125 101 101 101 101 98.9375 99.5625 79.375 71.6875 76.25 71.8125 82.25 93.3125 86.0625 90.6875 91.6875 98.4375 92.3125 85.4375 95.1875 89.375 72.875 95.125 101 101
52.125 54.0625 74.25 83.4375 89.5 97.0625 101 101 99.375 101 101 101 101 87.5625 58.6875 48.6875 74.9375 57.25 81.3125 101 101 101 101 101 101 100.75 101 100.625 100.5 101 101 101 101 98.5625 93 89.6875 98.375 101 101 101 100.75 100.25 99.625 101 101 100.3125 98.5625 99.75 97.625 92.8125 101 99.0625 100.125 99.4375 94.375 95.5625 99.875 101 99.5 101 99.3125 88.8125 88.6875 81.375 76.0625 69.5625 50.125 77.0625 86.75 88 85.25 75.5625 96.625 97.25 96.9375 98.1875 98.5625 88.75 92.9375 99.0625
68.375 66.375 61.1875 75.625 73.75 80.625 100.4375 101 101 101 101 101 101 86.75 59.625 62.4375 66.0625 54.5 82.4375 101 101 101 101 101 101 99.375 101 101 100.5625 100.1875 101 100 98.125 87.1875 92.75 101 101 101 101 101 101 101 98.6875 98.4375 101 98.375 99.625 95.375 99.5 99.0625 98.6875 101 101 92.75 94.1875 97.6875 101 101 97.25 101 89.875 85.375 74.0625 89.5625 71.6875 91.0625 80.625 71.6875 65.8125 68.5 73.125 78 96.6875 97.375 101 101 101 100.1875 100.3125 99
67.5 68.4375 80.625 72 82.5625 69 83.5 99.125 101 101 101 100.5625 99.6875 94.125 85.3125 67.5 54.0625 57.8125 88.75 98.3125 101 101 101 101 101 101 100.75 101 101 101 99.75 94.4375 94.4375 90.625 99.1875 101 100.0625 101 100.375 100.875 101 98.8125 98.9375 98.5625 99.6875 101 99.6875 97.4375 93.5 89.9375 96.1875 86.5625 95.0625 94.75 95.9375 101 101 92 76.375 72.0625 82.1875 86.4375 80.8125 76.875 57.375 74.875 93.75 90.875 95.6875 72.25 53.375 69.1875 70.0625 85.75 94.375 99.6875 100 101 101 99.9375
70 69.5 77.3125 94.8125 90.375 98.75 94.5625 96.75 101 101 101 101 101 96.6875 89.25 61.125 56.625 48.4375 79 98.875 101 101 101 101 101 101 101 101 101 100.625 100.625 91.8125 98.6875 100.0625 98.1875 101 101 99.0625 101 97 101 101 101 96.9375 99.6875 90.25 91.875 93.1875 89.125 82.8125 71.3125 87.4375 77.25 80.4375 85.0625 94.3125 88.25 55.6875 73 61.5 96.125 97.0625 89.9375 99.375 101 98.625 95.375 82.125 87.0625 67.0625 62.25 54 60 43.3125 66.375 90.5625 97.5625 96.625 101 100.0625
81 87.5625 92.0625 91.375 89.6875 86.6875 90.1875 92.625 101 101 101 101 101 101 87.6875 53.0625 48.25 68.3125 70.9375 72.875 86.0625 97.75 101 101 101 101 100.5625 101 100 101 101 100.625 99.9375 101 101 101 99.9375 98.375 96.5625 89 92.4375 92.625 96.75 95.6875 91.3125 91.9375 70.3125 90.9375 71.125 74.5 82.25 80.1875 65.9375 46.1875 55.8125 71.125 61.125 54.6875 79.8125 99.125 96.5 101 101 101 101 101 101 91.5625 78.1875 88.875 59.1875 86.875 75.375 90.8125 68.1875 61.1875 67.4375 75.125 95 101
99.3125 94.6875 94.8125 99.5625 89.0625 96 87.6875 95.25 99.0625 101 101 101 101 101 98.9375 76.1875 63.625 69.5 70 70.5 59.625 70.875 98.375 101 101 101 101 100 100.75 100.5 101 100.625 101 101 100.9375 101 99.9375 91.3125 95.5 70.8125 88.9375 83.8125 82.9375 79.6875 79.375 54.75 46.8125 52.125 52.9375 52.6875 66.6875 55.1875 51.375 54.4375 60.125 49.5625 75 67.9375 71.4375 90.625 97.0625 101 99.75 92.25 101 99.6875 99.5625 91.1875 81.1875 92.125 91.25 95.6875 81.5 77.6875 81.125 71.25 53.625 43.9375 53.25 73.1875
96.75 99.625 99.375 101 93.3125 97.9375 88.5 89.8125 96.0625 101 101 101 101 101 101 101 99.4375 89.3125 66.375 58.625 77.4375 86.0625 100.75 101 99.75 99.4375 101 100.6875 101 101 100.4375 101 101 101 100.25 101 98.5 88.875 75.8125 81.3125 57.5625 80.875 56.4375 63.5625 51.9375 52.8125 64.125 63.125 59.6875 76.375 76.375 59.5 51.9375 64.625 54.0625 24.1875 43 72.5 91.125 93.0625 91.9375 101 101 94.25 87.6875 90.75 82.375 94.75 91.0625 88.9375 96.4375 86.5 91.625 81.0625 87.5 62.3125 64.4375 64.625 64.3125 62
100.125 101 101 100.6875 96.5625 95.0625 96.4375 92.75 98.3125 101 101 101 101 101 101 101 101 101 91.3125 92.25 93.5625 101 101 101 101 101 101 101 100.5625 100.4375 100.4375 101 101 99.875 101 99.8125 99.75 95.0625 91 86.1875 71.0625 80.0625 63.875 76.125 54.0625 60.5625 73.75 72.75 67.1875 64.875 51.1875 55.4375 42 23.3125 21.625 55.75 51.3125 47.6875 77.4375 77.0625 96.75 78.0625 98.25 97.625 98.125 98.25 96.1875 100.1875 98.125 99.5 97.375 98.9375 89.5 93.875 91.5625 76.75 69.9375 72.25 57.625 66.625
101 101 101 101 101 101 101 95.8125 92 99 101 101 101 101 101 101 101 101 101 101 101 101 93.1875 96.5 100.8125 101 101 101 101 101 100.3125 101 101 100.5 97.1875 99.25 100.5625 90.3125 91.875 87.6875 74.875 68.4375 55.6875 57.375 60.75 60.8125 55.9375 69.375 67.375 56.1875 67.125 59.25 67.75 74.1875 37.5625 33.1875 46.5625 55.1875 78.9375 89 87.875 72.0625 78.875 101 93.375 89.4375 94.6875 90.625 95 100.75 98.75 96.4375 96.25 89.9375 84.125 71.75 48.125 58.3125 60.9375 67.1875
97.375 101 101 100 101 100.75 101 101 98.8125 100.3125 101 101 101 101 101 101 101 101 101 101 101 96.3125 97.5 96.25 101 101 101 101 101 100.0625 101 99.0625 101 98.4375 93.1875 88.625 95.1875 88.75 68.625 61.0625 73.1875 79.875 69.9375 60.375 55.1875 68.5625 61.25 55.8125 63.375 66.6875 56.875 53.875 62.3125 59.6875 66.125 68 43.125 68.25 73.1875 87 84.6875 77.25 54.25 96.625 81.375 101 94.6875 94.75 95.4375 90.3125 101 93.625 101 83.875 78.25 65.875 71.625 57.0625 61.4375 62.625
99.875 101 100.75 101 101 101 99.8125 101 101 98.625 100 101 101 101 101 101 101 101 101 101 101 96.6875 95.9375 101 101 101 101 101 101 101 101 99.625 98.5625 98.25 97.375 93.0625 87.8125 78.875 72.375 58.625 56.1875 57.9375 59.9375 64.8125 55.5 55.3125 63.875 49.5 67.9375 52.375 63.375 75.5 68.125 61.4375 77.375 72.875 62.125 71.8125 80.625 80.1875 96.8125 91.125 61.125 57.375 80.8125 86 71.125 83.125 89.3125 90.0625 96 97.75 101 90.8125 90.625 85.625 92.5 75.1875 51.0625 54.5
101 101 101 101 101 101 101 101 97 96.375 96.3125 101 101 101 101 101 101 101 101 101 101 99.8125 101 101 101 101 101 101 101 101 101 101 97.5625 99.9375 97.625 92.375 88.9375 96.0625 83.875 69.5 70.125 75.375 50.5 63 63.1875 54.3125 62.6875 75.6875 73.375 53.5 76.625 83.75 60.1875 62 70.5 60 67.9375 76.5625 80.3125 63.5625 61 53.75 71 73.375 65.875 90.125 61.9375 87.3125 88.625 96.75 94.3125 101 101 93.9375 86.875 88.3125 89.125 86.75 66.375 50.625
101 101 97.625 99.25 101 101 99.6875 100.375 99.25 99.375 100.0625 94.9375 101 101 101 101 101 101 101 101 101 101 101 101 101 101 101 101 101 101 101 101 97.75 93.875 96.8125 96.875 95.125 94.1875 90.9375 72.5 74.375 61.5625 51.625 53.25 47.0625 52.25 62.625 67.375 62.875 51.75 88.375 81.3125 65.125 72.5 74.0625 76.875 68.0625 66 80.125 65.125 77.5 76.4375 84.375 73.25 79 64.75 50.1875 84.1875 75.0625 85.125 101 99.875 84.625 92.5 83.8125 83.1875 89 81.875 62.4375 68.75
99.625 101 98.375 100.125 96.125 100.8125 101 98.1875 101 101 101 99.0625 99.5625 101 101 101 101 101 101 101 101 101 101 101 101 101 101 101 101 101 101 101 101 93.5625 77.5 97.625 98.1875 101 93.75 77.3125 83.6875 86.9375 64.5625 59.25 73.625 74.6875 66.5 67.125 82.75 58.4375 90.5625 91.1875 83.75 67.4375 73 92.4375 87.1875 83.6875 83.9375 82.3125 70.1875 86.0625 88.1875 84.3125 76.25 82.375 81.625 71.1875 101 101 78.9375 93.5 61.125 66.9375 80.1875 90.5 94.4375 86.4375 63.9375 62.9375
101 101 100.375 101 95.9375 101 101 100.875 101 100.8125 99.625 99.8125 101 101 101 101 101 101 101 101 101 101 101 101 101 101 101 101 101 101 101 100.625 101 93.4375 77.9375 86.8125 96.3125 96.125 94.0625 99.75 96.875 87.625 63.5 45.5 63.125 68.875 74.625 83.125 64.125 71.875 94.5 96.4375 98.6875 78.125 87.3125 96.0625 97.625 92.6875 99.6875 81.0625 79 91.4375 93.375 87.75 82.6875 87.6875 70.6875 71.875 67.75 71.5 77.8125 74.6875 58.5625 70.75 81.5 98.375 100.375 101 74.0625 89.0625
101 101 101 101 101 101 99.5625 97.5 101 101 101 100.375 101 101 101 101 101 101 101 101 101 101 101 101 101 101 101 101 101 101 101 101 101 101 97.875 99.75 91.5625 87.3125 75.5625 92.75 99.1875 81.75 59.375 62.9375 53.375 64.125 65.6875 71.375 75.625 83.0625 99.1875 93 101 93.75 98.1875 98.125 101 96.125 94.5 93.375 95.5625 94.25 93.5625 98.5625 91.125 92.6875 74.5625 67.875 78.9375 68.3125 75 74.375 65.875 96.875 95.25 100.5 101 96.75 99.8125 95.9375
101 101 101 101 98.75 101 101 94.6875 96.125 101 101 101 100.875 100.1875 101 101 101 101 101 101 101 100.25 101 101 101 101 101 101 101 101 101 101 101 100 100.4375 101 95.0625 67.8125 70.9375 95.9375 84.875 67 69.9375 83.875 84.3125 80.75 65.25 74.25 70.875 90.1875 99.75 99.9375 98.625 100.6875 100.125 99.125 98.6875 96.875 101 99.25 93.25 92.875 97.5 93.0625 97.6875 97.3125 92.375 88.375 88.375 70.5 82.5 70.5 70.5 59.75 56.5 72.625 70.25 90.9375 100.1875 100.5625
101 101 101 101 101 101 101 101 97.6875 101 100.875 100.3125 101 101 101 101 101 101 101 101 101 101 101 101 101 101 101 101 101 101 99.6875 101 99.75 101 101 99.9375 99.5 97.4375 101 98.375 96.6875 92.1875 82.1875 63.625 57.375 92 73.125 72.25 87 97.1875 96.375 99.8125 98.9375 100.1875 100.375 101 100.25 98.875 99.25 99.9375 100.0625 99.8125 98.8125 95.1875 101 101 96.1875 96.25 94.8125 92.125 82.8125 87.1875 75.4375 68 82.3125 49.875 81.0625 101 91.0625 97.9375
96.9375 100.3125 101 101 101 101 101 101 101 101 100 100.625 101 101 101 101 101 101 101 101 101 101 101 101 101 101 101 101 101 101 101 101 98.875 97.3125 101 101 101 101 101 97.6875 96.5625 94.5 74.5625 68.5625 78.5 76.375 83.625 79.25 88 95.75 99.3125 99.3125 101 101 100.4375 101 101 100.625 101 101 101 101 100.1875 96.8125 101 100.9375 100.5 99.875 99.125 98.125 96.5625 88.9375 79 77.75 66.0625 68.0625 76.8125 87.875 67.5 96.0625
88.6875 92.9375 101 101 101 101 101 101 101 101 101 101 101 101 101 101 101 101 101 101 101 101 101 101 101 101 101 101 101 101 99 101 99.5 96.5625 101 101 98.375 100.0625 101 101 98.6875 72.8125 76.9375 62.125 71.4375 86.1875 98.125 98.375 101 99.375 97.625 97.3125 99.6875 101 101 101 101 101 101 101 101 101 100.25 100.25 101 99.6875 94.1875 101 100.625 99.875 97.3125 87.75 75.875 72.6875 78.75 66.125 81.5 64.875 99.125 101
94.5 76.5625 90.5 100.1875 101 101 101 101 101 101 99.875 100.6875 100.6875 101 101 101 101 101 101 101 101 101 101 101 101 101 101 101 101 101 101 101 101 101 101 99.3125 99.25 101 99.5625 101 93.1875 79.8125 62.4375 81.6875 82.75 97 101 101 99.625 101 101 101 101 101 101 101 101 101 101 101 101 101 101 101 101 101 101 101 101 101 99.8125 99.625 93.0625 85.5625 77.6875 58.375 54.0625 83.6875 91.5 85.1875
93.3125 87.75 63.4375 72.75 92.0625 99.375 101 101 101 101 101 100.1875 101 101 101 101 101 101 101 101 101 101 101 101 101 101 101 101 101 101 101 101 101 101 100.3125 98.9375 101 101 101 100.25 92 75.5625 63 65.5625 86.5625 98.75 99.75 99.8125 99.6875 99.9375 101 101 101 101 101 101 101 101 101 101 101 101 101 99.875 101 101 101 101 101 101 101 101 101 95.0625 75.375 76.9375 73.25 59.625 62.0625 68.9375
92.875 94.0625 75.5625 54.125 80.3125 86.8125 99.1875 101 101 101 101 101 101 101 101 101 101 101 101 101 101 101 100.5 101 101 101 101 101 101 101 101 101 101 101 101 101 101 101 97.125 101 91 96.875 83.125 95.9375 98.875 101 101 101 100.1875 101 99.625 97.5 101 99.625 101 101 101 101 101 101 98.5 101 96.5625 101 101 101 101 101 101 100.4375 101 100.625 101 100.5 94.5625 98.25 94.75 80.5 68.625 75.875
98.8125 96.625 87.75 82.125 71.375 70.4375 82.75 94.875 100.8125 101 101 101 101 101 101 101 101 101 101 101 101 101 101 101 101 101 101 101 101 101 101 101 101 101 100.1875 101 101 99.375 101 100.375 101 94.1875 95.75 99.0625 101 101 100.9375 101 101 101 101 98.9375 101 96.75 101 101 101 101 101 100.625 101 99.1875 101 101 101 101 101 101 101 101 99.875 99.125 100.625 100.1875 94.3125 77 56.4375 59.0625 71.25 86.3125
101 101 100.3125 101 98 79.0625 95.0625 79.6875 93.4375 101 101 99.6875 101 100.4375 100.75 101 100.6875 101 101 100.8125 101 101 101 101 101 101 101 97.8125 101 101 101 101 101 101 101 101 101 101 101 99.8125 99.0625 94.125 98.875 101 101 101 101 101 101 101 101 101 98.25 91.1875 97.5 93.4375 96.125 91.3125 97.875 101 96.25 98.5 101 101 101 101 101 101 100.5 101 101 101 100.25 94.375 70.75 44.3125 61.375 66.5 58.8125 93.9375
101 101 101 101 101 101 80.5625 56.125 80.75 93.625 101 101 101 101 100.75 101 101 101 101 101 100.625 101 101 101 101 101 101 101 101 101 101 101 101 101 101 101 101 101 101 101 101 101 101 101 101 101 101 101 101 101 100.25 99.4375 93.8125 101 101 101 101 101 101 97.8125 101 101 96.0625 101 101 101 97.875 99.75 101 101 101 101 100.6875 93.9375 46.8125 79.875 72.625 60.3125 75.75 94.375
101 101 101 101 101 101 86.1875 86.5 76 70.8125 100.375 101 101 101 101 101 101 101 101 101 101 101 101 101 101 101 101 101 101 101 101 101 101 101 101 101 101 101 101 101 101 101 101 101 101 101 101 101 101 101 98.4375 101 101 101 101 101 101 101 101 101 101 101 101 99.5 89.4375 95.5625 101 101 101 101 101 101 101 101 76.6875 62.625 68.5625 67 87.9375 94.9375
101 101 101 101 101 101 101 100.875 88.5 71.6875 100.4375 101 100.8125 101 101 101 101 101 101 101 101 100.625 101 101 101 101 101 101 101 101 101 101 101 101 101 101 101 101 101 101 101 101 101 101 101 101 101 101 101 98.5625 101 101 101 101 101 101 101 101 101 101 100.125 101 101 101 101 98.25 101 101 101 101 101 100.1875 101 101 96 88.1875 78.4375 96.3125 101 100.75
101 101 101 101 101 100.9375 101 100.8125 101 99.625 101 101 101 101 101 101 101 101 101 101 101 100.625 101 101 99.6875 101 101 101 101 101 101 101 101 101 101 101 101 101 101 101 101 101 101 101 101 101 101 100.6875 98.6875 101 101 101 101 101 101 101 101 101 101 101 101 101 101 101 101 98.375 90.125 101 101 101 101 101 101 101 101 101 101 101 99.375 98.1875
101 101 101 101 101 101 101 101 101 101 101 101 101 101 100.375 101 101 101 101 101 101 101 101 100.5 101 101 101 101 101 101 101 101 101 101 101 101 101 101 101 101 101 101 101 101 101 101 101 101 100.6875 97.875 101 101 101 101 101 101 101 101 101 101 101 100.75 101 100 101 101 101 101 101 101 101 101 101 101 100.5 101 101 101 99.4375 101
101 101 101 101 101 101 101 101 101 101 100.625 101 100.375 93.375 88 85.9375 96.0625 100.5 101 101 101 99.0625 101 101 101 101 100.5625 100.25 101 101 101 101 101 101 101 101 101 101 101 101 99.375 101 101 101 101 101 101 101 95.5625 100.6875 101 101 101 101 101 101 101 101 101 101 101 101 101 101 100.6875 101 101 101 101 101 101 101 101 101 99.6875 101 101 101 101 99.125
101 101 101 101 101 101 101 101 101 101 100.75 101 94.9375 41.375 41.375 65.25 90.4375 99.875 98.1875 101 98.25 96.375 98.8125 100 100.5625 100.8125 101 99.1875 97.9375 101 101 101 101 101 101 101 101 101 101 101 101 101 101 101 101 101 101 101 99.1875 101 101 101 101 101 101 101 101 101 101 101 101 101 101 101 101 101 101 98.625 93.8125 101 101 101 101 101 101 101 101 101 98 98.9375
101 100.6875 100.3125 101 101 101 101 101 101 101 101 99.5625 86.75 55.3125 55.375 76.8125 92.25 96.5 100 100.25 100.4375 96.0625 92.5 101 100 98.875 101 98.0625 87.625 99.875 101 101 99.8125 100.6875 101 101 101 101 101 101 101 101 101 101 101 101 101 101 101 100 101 101 101 101 101 101 101 101 101 101 101 101 101 101 101 101 101 101 97.9375 96.875 101 101 95.8125 96.6875 97.375 101 96.375 93.75 100.4375 98.875
