Environ_rasters/b_cc_r.asc
NCOLS 390 
NROWS 330 
XLLCORNER -114.008545134 
YLLCORNER 32.991922429 
CELLSIZE 0.0333547025948718 
NODATA_value -9999 
[rows 210 to 244 of 330, columns 240 to 319 of 390]
101 101 101 101 101 101 101 101 101 101 101 101 101 101 97 89.625 101 91.5 66.75 25.9375 61.3125 58.5 32.1875 48.25 39.3125 59.5625 60.25 63.875 53.375 60.4375 42.125 47.375 43.5625 58.5625 51.0625 58.4375 52.125 49.125 49.875 58.625 46.875 39.625 39.8125 51.625 61.6875 86.5625 88.6875 90.125 67.125 69.125 84.1875 78.5625 57.4375 55.1875 77.3125 93.625 84.75 91.5625 101 68.5 84.375 63.125 74.3125 99.25 93.375 93.5625 71.8125 77.9375 74.875 91.875 91 79.875 83.9375 92.875 84.1875 101 99.1875 96.125 99.3125 90.875
101 101 101 101 101 101 101 101 101 69.875 77.25 101 101 101 53.75 54 88.875 57.5625 30.625 45.6875 97 44.0625 55.375 41.125 61 69.625 78.25 76.8125 63.3125 66.1875 70.0625 51.5 52.6875 61.1875 75.625 53.8125 40.6875 35.1875 42.5625 40.25 56.5625 58.375 34.5625 55.5625 56.375 69.9375 79.875 95.875 91.5625 69.375 75.9375 61.25 82.875 85.25 94.125 77.9375 75.25 66.9375 85.1875 85.0625 92.1875 85 90.0625 94.25 85.1875 94.4375 70.1875 71.25 76.4375 65.4375 79.5 82.5625 87.625 95.0625 98.75 91.4375 77.3125 85 79.8125 99.5
101 101 101 101 101 101 101 101 97.6875 88.375 98.875 101 101 97.4375 57.125 41.3125 59.625 55.625 50.875 44.875 75.1875 51.4375 84.6875 45.3125 34.6875 58.875 68.6875 69.625 78.3125 75.125 66.25 60.9375 70.5625 72.75 58.375 63.625 61.0625 51.875 48.125 60.75 62.8125 58.75 53.25 45.9375 44.4375 58.4375 69.25 74.75 77.125 83.0625 74.4375 99.5 98 101 101 100.375 101 80.5625 60.625 93.4375 97.9375 92.75 77.125 65.375 63.8125 83.3125 81.4375 77.625 81.375 81.6875 83.25 89.625 90.125 89.8125 89.4375 79 89.1875 78.8125 87.375 94.0625
91.8125 101 101 101 101 101 101 101 101 101 101 99.375 101 93.75 45.6875 36.75 41.0625 47.4375 58.6875 36.6875 49.625 55.4375 71.5 37.3125 36 63.375 88 80.0625 67.8125 59.6875 73.75 58.375 80.9375 66.5625 64.1875 67.0625 66.875 60.625 54.0625 47.0625 62.5 58 61.8125 66.1875 52.5 57.625 91.9375 101 101 90.625 92.75 101 94.8125 98 94 101 100.3125 91.5 96.8125 100.75 100.3125 95.8125 76 80.0625 67.6875 45 66.125 70.1875 55.375 83.9375 75.125 87.9375 92.25 95.875 79.9375 76.75 86.875 83.8125 84.9375 86.9375
98.3125 101 101 101 101 101 101 101 101 101 98.1875 99.4375 101 75.125 36.375 31.375 31.3125 45.125 58.0625 49.5625 57.375 50.125 39.5 38.875 44.3125 51.8125 50.375 76 77.6875 86.3125 63 70.4375 91.5 62.875 48.6875 60.625 61.5625 61.9375 63.5625 50.9375 55.625 50.8125 56.75 45.5625 63.0625 94.75 101 101 100.3125 101 97.3125 88.375 86.25 93.125 87.1875 99.125 95.8125 93.875 80.375 86.25 95.1875 93.375 81.3125 97.125 84.4375 60.75 57.4375 85 81.125 86.4375 97.4375 97.125 90.5625 93.125 94.5 92.6875 90.5625 87.3125 92.5 90.1875
101 82.3125 101 101 101 101 101 101 101 101 101 101 97.3125 56.875 37.25 43.8125 29.125 24.75 32.6875 36.9375 55.1875 78.875 48.3125 47.9375 50.3125 56.4375 67.9375 68.1875 63.9375 76.5 67.625 70.1875 80.8125 81.3125 84.8125 73.8125 87.3125 66.4375 56 56.5625 53.6875 57.75 61.9375 42.875 51.9375 68.25 101 101 99.6875 100.6875 101 99.4375 96.3125 86.875 85.9375 97.125 101 95.625 98.75 97 68.8125 71.875 99 97.25 101 95.0625 101 101 100.6875 95.25 101 95.9375 99.8125 98.5625 95.5 100.125 101 101 101 101
97.25 97 84 101 101 85.125 61.1875 84.625 101 101 101 101 101 34.0625 25.8125 80.125 47.25 33.5 28.625 43.5 49 76.3125 92.25 62.5625 58.4375 49.8125 80.0625 68.0625 60.6875 76.8125 73.5 78.125 56.1875 59.125 75.125 87.875 81.6875 64.875 61.9375 50.9375 54.4375 61.5 72.8125 72.75 86.625 99.4375 101 101 99.9375 101 100.75 101 99.5625 100.0625 89.5625 95.1875 100.375 98.625 91.6875 90.8125 90.1875 84.8125 101 97.8125 101 101 101 101 101 101 101 101 101 94.8125 81.375 99.0625 101 101 101 101
97 83.875 85.3125 77.8125 92.875 58.25 70.125 58.9375 75.5 75 78.125 58.1875 91.4375 39.0625 42.1875 39.8125 39.625 49.3125 38.875 43 41.75 73.75 79.5625 53.5 46.0625 32.75 49.875 63.25 53.3125 64.75 57.3125 69.5 62.9375 53.9375 57.3125 71.4375 67.5625 60.0625 52.6875 54.4375 48.625 68.6875 74.5625 84.5625 98.25 101 101 99.625 101 101 87.9375 97.1875 89.0625 94.1875 101 91.4375 99.4375 100.6875 99.9375 101 95.1875 101 100.3125 97.5625 94.25 101 101 101 100.3125 101 101 101 96.6875 98.9375 89.3125 96 99.6875 99.75 101 101
98.4375 101 62.875 46.375 88.75 96.625 83.625 95.875 101 86.0625 39.1875 63.375 99.0625 54.9375 53.125 48.8125 47 49.8125 50.8125 57 56.375 51.1875 65.1875 39.5625 41 44.625 46.375 62.6875 67 76.4375 64.1875 66.625 62.0625 65.0625 52.5 63.9375 70.25 58.875 58.1875 67.3125 49.4375 64.375 101 101 101 101 97.6875 97.4375 99.9375 94 87.3125 100.8125 97.4375 97.375 101 100.0625 101 101 101 101 100.9375 101 93.625 79.875 86.1875 87.5625 101 101 96.9375 101 101 101 101 101 101 101 101 100.5 101 101
87.3125 101 87.4375 75.1875 91.25 97.625 75.0625 48 91.125 88.0625 46.25 51.6875 53.875 51.9375 57.875 51.75 29.5 29.625 47 56.1875 82.1875 80.6875 54.875 48.5 47 47.375 60.3125 81.4375 80.125 70.6875 63.8125 66.5 58 57.3125 79.6875 53.125 70.8125 70.5625 56.9375 71.875 74.375 97.1875 101 101 101 99.625 91.25 87.1875 96.125 97 93.9375 83.5625 98.25 101 101 100.25 101 101 101 99.5 101 101 96.0625 82.5625 85.6875 93.0625 101 101 101 101 101 97.0625 100.0625 99.5 97.6875 100.375 99.1875 100.9375 99.625 101
63.875 92.6875 98 84.8125 74.8125 88.6875 81.8125 55.25 96.3125 92.625 72.125 56.6875 83 57 42.875 24.5 50.25 30.75 44.75 40.6875 56.625 90.0625 82.875 41.625 35.9375 43.8125 61.5 52.1875 53.625 56.3125 65.875 66.4375 56.9375 61.375 71.0625 57.9375 68.4375 81.375 70.25 86 96.875 101 101 101 101 101 98 95.5 98.25 69.5625 99.6875 94.1875 87.6875 75.75 100.5625 101 100.375 101 101 101 101 101 101 101 101 99.6875 101 101 101 101 94.1875 101 101 101 101 101 101 101 101 101
77.0625 93.625 101 101 101 78.6875 101 78 101 88.625 53.25 63.25 47.9375 40.8125 31.1875 41.3125 41.9375 37.75 39.25 36.4375 52.375 78.0625 71.75 37.875 43.5 44.5 42.6875 55.4375 59.0625 54.875 69.8125 67.5 55.9375 55 56.625 74.8125 80.5625 93.1875 98.5625 101 100.25 101 101 101 101 101 101 101 101 101 101 84.125 66.8125 52.5625 97.125 101 101 101 101 101 101 101 100.4375 101 101 101 101 101 101 101 101 101 101 101 101 101 101 101 101 101
44.5625 72.5 101 101 101 101 101 101 101 76.5625 65.125 44.875 40.5625 31.5625 30.625 33.5 47.6875 54.0625 37.625 26.125 44.5 75.125 88.1875 52.625 59.4375 45.5625 72 58.625 44.6875 65.625 64.6875 70.0625 64.875 72.9375 68.8125 79.3125 99.5 101 101 101 101 101 101 101 101 101 101 101 101 96.8125 59.0625 56.0625 38.125 56.6875 97.125 81.8125 92.5 99.6875 101 101 101 95.75 100.3125 101 101 101 101 101 101 101 101 101 101 101 101 99.375 98 97.75 101 101
31.8125 52.5625 96.375 101 101 101 86.125 98.875 101 87.5 60.5625 55.625 42.25 41.75 34.4375 37.125 55.3125 66.9375 78.875 39.1875 33.75 76.1875 101 77.125 59.875 36.5 37.8125 60.1875 35.1875 52.1875 61.1875 72.5625 85 84.5625 84.4375 101 101 101 101 101 101 101 101 101 101 101 101 101 101 99.875 83.8125 74.25 70.6875 97.125 100.0625 89.5 97.6875 98.5625 101 101 101 99.1875 94.9375 101 101 101 101 101 101 101 101 101 101 101 101 101 101 101 101 101
39.875 45.6875 70.8125 98.5 101 94.125 71.75 101 101 101 93.1875 90.0625 101 70.0625 50.125 28.1875 60.1875 44.75 47.9375 34.8125 34.9375 84.9375 88.0625 38.75 51.3125 33 32 32.6875 29.5625 43.6875 48.8125 78.125 92.0625 98.875 101 101 101 101 101 101 101 101 101 101 101 101 101 101 101 101 101 101 101 101 99.875 91.0625 95.6875 92.5 98.3125 98.1875 101 101 101 101 101 101 101 101 101 101 101 101 101 101 101 101 100.75 101 101 101
47.625 38.5625 61.1875 68.9375 88.9375 101 101 101 101 101 101 101 101 57.9375 40.75 44.9375 28.9375 23.25 32.75 31.875 32.75 67.0625 85 41.5 34.1875 29.1875 38.4375 37.375 42.5 67.25 92.3125 99.375 101 98.125 101 96.9375 97.6875 101 101 101 101 101 101 98.875 101 101 101 101 101 101 101 100.9375 101 101 101 94.9375 97.25 98.125 95.75 101 101 101 101 101 101 101 101 101 101 101 101 101 101 101 101 101 101 101 101 101
57.375 64.0625 66.125 85.375 101 101 101 101 101 101 101 101 101 93.0625 43.5 46.9375 35.1875 39.5625 28.8125 28.375 41.6875 87.375 89.625 33.6875 41.6875 39.875 37.3125 31.6875 43.3125 56.5625 85.9375 100.4375 99.375 101 101 101 101 99.4375 101 101 101 101 101 101 101 101 101 101 101 101 101 101 99.4375 101 101 97.9375 101 101 101 101 101 101 101 101 101 101 101 101 101 101 101 101 97.75 101 101 101 101 98.25 101 101
72.3125 59.5 58.875 90.0625 101 90.4375 80.4375 101 101 101 101 101 97 86.1875 42.625 68.5625 40 26.375 31.75 41.1875 46.8125 101 84.125 55.5625 71.4375 40.0625 40 37.9375 44.8125 35.5625 58.8125 83.8125 101 101 101 101 101 101 101 101 101 101 101 101 101 101 101 101 101 101 101 101 101 101 101 101 101 101 101 101 101 101 101 101 101 101 101 101 101 101 101 101 98.875 101 101 101 101 101 101 101
58.3125 62.3125 65 98.9375 92.75 101 98.1875 101 101 101 101 101 101 75.1875 38.875 35.9375 40.875 42.875 41.8125 46.875 35.5 72.3125 39.125 30.5 48.25 80.5 40.9375 46 49.375 40.3125 89.125 93.5625 101 101 96.4375 101 101 101 101 100.75 101 101 98.9375 101 101 101 101 101 101 101 101 101 101 101 101 101 101 101 101 101 101 101 101 101 100.8125 99.75 101 101 101 101 101 101 101 101 101 101 101 101 101 101
85.4375 87.5625 80.25 70.25 95.3125 98.125 101 101 99.5 101 101 96.9375 88.5625 45.625 32.875 27.9375 28.875 35.875 48.75 51.4375 51.5 53.1875 47.0625 40.4375 41.125 77 47.125 43.25 35.5625 41.75 49.6875 66.5 94.9375 96.625 90.4375 101 101 101 101 101 101 101 101 96.1875 101 101 101 101 101 101 101 101 101 101 101 101 101 101 101 101 101 101 101 101 100.0625 99.25 99.0625 101 101 101 101 101 101 101 101 101 101 101 101 101
101 89.9375 73.4375 66.3125 70.125 79.6875 87.125 95 83.1875 71 70 62.5 43.75 37.125 33.75 36.25 39 36.125 42.8125 26.5625 49.125 72 58.25 32.125 68.625 70.375 59.875 42 36 66.4375 87.875 71 76.8125 84.75 80 75 91.875 93.125 98.75 99.75 101 101 101 101 101 101 101 101 101 101 101 101 101 101 101 101 101 101 101 101 101 101 101 101 101 101 101 101 101 101 101 101 101 101 101 101 101 101 101 101
101 101 91.25 85.375 76 74.0625 91.1875 79.9375 35.375 37.5 36.3125 48.75 40.875 34.875 40 37.25 29.9375 37.4375 23.5 34.0625 45.875 55.25 87.5 76.625 48.5625 52.6875 43.125 33.5 46.25 52 47.8125 54.4375 68.8125 79.125 92.75 98.75 95.5 98.25 99.6875 100 98.6875 101 101 101 101 101 101 101 101 101 101 101 101 101 101 101 101 101 101 101 101 101 101 101 101 101 101 101 101 101 101 101 101 98.1875 101 101 101 101 101 101
101 101 94.4375 98.875 98 86.0625 54.1875 43.625 34.125 31.9375 30.6875 35.875 43.4375 37.625 33.4375 31.25 25.875 25.8125 36 41.125 45.25 43.5625 51.9375 33.375 36.5625 42.1875 52.3125 42.5 64.6875 41.5625 37.5625 45.5 58.125 86.8125 101 101 101 101 101 101 101 101 99.875 101 101 94.875 100.4375 101 99.8125 101 101 101 101 101 101 101 101 101 101 101 101 101 101 98.875 101 101 101 101 101 101 98.75 101 99.375 94.9375 101 99.4375 101 101 101 101
95.8125 93.6875 91.3125 94.875 91.6875 75.0625 52.4375 41.1875 46.8125 36.625 37.5 31.5 34.4375 38.3125 32 26.3125 24.375 71.1875 50.5625 30.625 58.125 60.0625 38.75 40.6875 42.3125 49.75 55.125 100 57.8125 35.8125 50.5 64.5625 83.9375 85.625 100.5625 94.125 99.4375 101 101 101 101 101 101 101 101 101 96.4375 94.6875 101 101 101 101 101 101 101 101 101 101 101 101 101 101 101 101 101 101 101 101 95.8125 94.4375 97.0625 89.375 95.4375 96.125 97.8125 97.75 101 101 101 101
90.1875 88 71.5625 88.5 83.9375 88.125 42.625 44.4375 67.3125 60.1875 38.25 46.6875 38.3125 30.8125 32.0625 34.4375 38.8125 51.5625 40.9375 55.9375 43.25 67.375 36.125 38 55.5 38.9375 47.75 85.625 95.6875 67 86.6875 101 101 88 100.3125 101 94.25 94.5625 101 101 101 101 101 101 101 101 101 94.875 99.75 101 101 101 101 101 101 101 101 101 101 101 101 101 101 101 101 99.0625 101 101 88.3125 92 80.4375 98.25 86.375 84.375 99.75 101 101 101 101 101
97.25 93.5 90.5 65.25 70.5625 68.4375 51.625 38.8125 50.0625 85 65.8125 27.6875 35.375 35.8125 34.1875 39 32.5 48.1875 71.625 96.875 41.875 63.125 66.5 56.5625 35.0625 41.8125 34.6875 85.125 101 79.25 75.125 101 101 101 100.5625 98.5625 101 98.5625 98 101 101 101 101 101 101 101 99.75 88.4375 95.5 99.4375 101 101 101 101 101 101 101 101 101 101 101 101 101 101 101 94 94.5625 97.9375 101 97.3125 90.1875 101 98.25 99.125 99.375 101 101 101 101 101
101 101 90.1875 75.5 61.875 56.5 48.75 54.375 39.8125 28.3125 44.625 29.3125 21.6875 25.0625 31.6875 35.1875 38.75 43.5 77.0625 49.9375 45.75 41.6875 49.1875 75.8125 50.5625 43.5 83.3125 101 94 98.8125 99.6875 101 101 101 101 101 101 100 101 101 101 101 101 101 101 101 96.125 91.1875 88.0625 101 101 101 101 101 101 101 101 101 101 101 101 101 101 101 101 101 92.1875 92.25 101 97.3125 95.625 96.25 100.125 99.9375 101 100.0625 101 101 101 101
101 101 90.75 59.25 57.875 31.9375 37.125 27.1875 33.75 31.4375 27.1875 26.125 24.875 43.5 33.625 34.5625 47.5625 54.9375 55.25 50.25 30.0625 52.875 66.3125 58.6875 65.5 74.6875 90.625 101 86.375 95.1875 101 101 101 101 101 101 101 101 98.5 101 101 101 99.875 101 101 99.9375 90.6875 74.8125 70.625 83.75 101 101 101 101 101 101 101 101 101 101 101 101 101 101 101 101 101 98.875 95.5625 81.8125 95.75 84.1875 92.8125 101 101 101 101 101 101 101
101 95.0625 74.625 71.0625 66.8125 64.875 52.1875 49.1875 36.625 34.25 23.625 32.75 25.125 72.625 23.9375 45.8125 40.125 52.75 64.875 35.5625 42.4375 48.125 75.3125 48.5 82.125 87.875 86.9375 96.6875 98.6875 101 101 101 99.125 101 101 99.9375 101 101 101 101 101 101 97.875 101 101 101 101 101 80.125 86.8125 97.9375 101 101 101 101 101 101 101 101 101 101 99.3125 97.0625 101 101 100.375 99.8125 90.125 101 97.875 99.0625 99.6875 96.375 87.125 101 101 101 101 101 101
101 97.3125 97.5625 97.625 86.8125 53.1875 55.6875 43.9375 27 29.8125 26.75 50.3125 30.5 51.5625 54.1875 36.9375 30.6875 34 72.125 58.8125 45.875 41.25 51.6875 61.8125 87.4375 84.8125 95.1875 93.6875 101 101 100.4375 93.5625 73.375 57.5 59.1875 87.6875 101 97.9375 100.75 98 95.9375 101 80.9375 93.875 101 101 97.8125 93.8125 80.0625 77.4375 93.875 101 101 101 101 101 101 101 101 101 101 101 101 97.875 101 100.375 91.25 101 101 101 101 101 101 101 101 101 101 101 101 101
98.6875 101 88.25 76.75 59.4375 45.5 42.25 31.8125 23.625 26.8125 57.125 66.9375 53.5625 74.625 57.4375 46.0625 31.875 42.8125 56.375 64.75 90.8125 65 51.1875 95.75 97.875 101 88.375 96.5 96.0625 101 99.0625 50 33.5 36.125 52.625 67.5 101 101 101 101 84.4375 89 76.3125 74.75 84.375 94.1875 96.625 84.5625 81.875 77.8125 84.3125 89.5 101 101 101 101 101 101 101 101 101 101 101 98.75 88.75 101 101 95.1875 101 101 101 101 101 101 101 101 101 101 101 101
101 101 98.1875 70.1875 50.3125 37.4375 30.25 26.125 24.4375 28.6875 37.6875 41.75 35.625 36.9375 44.625 63.75 36.75 41.625 70.9375 70.4375 59.5 71.75 60.4375 101 101 89.9375 84.0625 94.5 91 101 94.75 53.4375 56.25 71.75 65.4375 65.9375 101 101 101 96.5625 98.125 98.875 87.9375 95 86.1875 85.5625 88 91.1875 90.625 90.375 73.375 92.6875 94.0625 101 101 101 101 101 101 101 101 96.5 96.25 95.8125 94.625 101 98.8125 92.9375 91.25 101 101 101 101 101 101 101 101 101 101 101
99.25 98.5 98.75 53.375 41 31.4375 20.75 24.25 26.9375 34.9375 52.4375 49.4375 46.625 38.3125 26.5625 44.375 36.875 32.8125 28.25 74 82.375 62.625 61.0625 65.0625 57.875 79.75 101 101 94.875 101 100.75 87.3125 82 98.125 86.625 99.25 101 101 101 99.5 81.4375 89.875 101 98.375 101 97 93.8125 94.0625 91.1875 90.8125 87.9375 78.6875 98.875 101 101 101 101 101 101 101 101 101 89.875 90 97.0625 101 98.8125 101 101 101 101 101 101 101 97.875 101 101 101 101 101
101 101 92.625 63.625 52.0625 45.0625 20.8125 24.375 30.6875 28.0625 29.0625 27.125 45.9375 35.0625 43.9375 30.6875 35.3125 43.5625 39.875 63.4375 78.875 49.6875 57.125 86.9375 87.875 97.5625 96.875 89.4375 93.5 93.1875 101 101 94.875 96.8125 101 101 101 101 101 101 91.4375 96.5625 99.75 98.5 101 101 101 97.125 87.4375 81.5 79.5625 81.6875 93.1875 88.1875 96.6875 101 101 101 101 101 101 101 101 101 96 101 101 101 101 101 101 101 101 101 101 101 101 101 101 101
101 96.625 90.25 71.8125 58.125 34.25 24.6875 42.3125 31.3125 27.375 32.4375 43.4375 44.3125 52.375 62.4375 23.25 49.6875 52.5 59.125 53.0625 61.75 54.125 50.5625 80.3125 101 101 91 99.0625 79.5625 87.9375 101 101 101 101 101 101 101 99.6875 101 101 101 99.8125 95.25 101 101 101 101 97.25 88.375 60.375 74.8125 91.125 69.6875 57.0625 86.625 98.875 90.6875 101 101 101 101 101 101 101 90 101 101 101 101 101 95.4375 101 101 101 101 101 101 101 101 101
