Environ_rasters/b_cc_r.asc
NCOLS 390 
NROWS 330 
XLLCORNER -114.008545134 
YLLCORNER 32.991922429 
CELLSIZE 0.0333547025948718 
NODATA_value -9999 
[rows 105 to 139 of 330, columns 160 to 239 of 390]
68.5 58.25 59.8125 65.875 65.875 73.375 94.6875 100.625 76.25 81.8125 99.75 101 101 101 101 101 101 101 97 81.6875 91.625 100.1875 99.75 101 101 101 101 101 101 101 101 101 99.5 94.875 99.5625 100.25 96.875 101 101 98.625 98.5625 100.125 101 101 101 94.5625 86.9375 72.4375 91.5 98.9375 85.1875 90.625 98.9375 78.125 76.75 82.125 54.375 44 55.5 43.8125 33.3125 34.875 52.375 57.375 53.8125 75.375 99.0625 100.0625 100.8125 92.375 77.5625 78.5625 92.75 99.6875 91.9375 91.0625 74.3125 28.0625 34.25 32.75
74.125 71.6875 80.8125 86 92.25 99.875 99.0625 100.5 95 80.9375 89.9375 101 101 101 101 101 101 101 87.75 84.5 87.5625 91.5 96.375 99.4375 91.0625 94.25 100.875 100.75 101 100.6875 100.1875 101 101 98.5625 95.6875 85.3125 74.25 94.1875 98.9375 101 101 101 100.6875 98.4375 101 98.375 81.5625 58.9375 75 95.5 94.125 94.6875 82.625 42.25 46.875 75.25 50.125 55.5625 39.0625 48.875 42.5625 43.5625 50 71.5 88.25 76.875 78.875 91.75 75.1875 70.9375 43.1875 47.4375 36.25 81.875 96.125 87.8125 72.3125 51.1875 34.125 31.0625
85.75 78.75 69.625 71.9375 82.75 94 97.5625 87.6875 83.0625 90.875 99.4375 101 97.125 101 101 101 100.3125 101 91.4375 96.125 97.625 97.25 101 101 100.75 96.625 98.9375 99.75 101 99.6875 96.4375 100.3125 94.125 92.1875 74.9375 67.0625 75.4375 71.375 74.8125 98.6875 101 100.5625 91.25 79.5625 94.1875 100.3125 93 84.4375 101 101 98.875 86.25 63.25 62.0625 75.0625 95.75 66.625 40.8125 45.25 62.375 55 69.125 55.6875 84 85.25 55.6875 60.75 63.0625 69 45.625 25.25 24 61.8125 39.6875 53.375 70.6875 64.6875 50.375 37.4375 25.5
76.375 74.1875 71.625 64.0625 69.625 77 84 89.1875 87.4375 87 99.5 101 100.25 101 98.9375 95 101 96.3125 100.0625 96.125 99.375 101 101 101 101 101 99.75 98.5625 93.625 87 96.5625 93.25 95.6875 76.9375 83.625 88.125 77.0625 77 83.875 86.875 86.5625 84.25 91.5625 72.75 68.625 82 94.25 99.3125 101 101 96.25 89.5 74.8125 84.5625 91.5625 94.8125 49.125 31.9375 38.3125 50.875 58.75 57 51.8125 61.625 72.5 79.125 64.8125 37.9375 35.375 31.5 27.375 48.5625 35.375 40.875 28.4375 39.5625 37.25 32.9375 32.0625 33.9375
86.5625 81.4375 83.1875 91.0625 81.3125 90 96.125 92 101 101 101 95.0625 101 98.375 93.625 89.75 82.5 90.5625 77.3125 84.9375 84.8125 100.5625 101 101 101 101 100.9375 96.5 92.6875 85.875 93.0625 97.375 81.5 82.875 96 94.375 94.75 81.3125 84.75 73.8125 79.1875 85.9375 75.1875 75.0625 75.5625 64.75 99.9375 101 97.9375 98.5 92.3125 71.1875 61.3125 82.4375 99 95.1875 43.3125 38.6875 27.375 50.6875 40.8125 51.375 46.5 91 94.6875 80.6875 52.6875 63.4375 29.8125 28.1875 33.0625 54.4375 58.3125 27.4375 43.375 46.125 47 36.8125 33.25 29.4375
92.5625 87.8125 95.125 101 101 101 101 93 89.8125 95.375 101 89.75 99.625 85.25 77.8125 85.4375 83.0625 85.25 75.1875 78.5 80.8125 94.4375 101 101 97.125 101 101 101 101 100.75 99.0625 95.5625 70.0625 76.8125 83.625 67.125 73.3125 94.9375 101 94 73.625 83.9375 78.75 86.8125 96.8125 88.625 64.9375 97.8125 95.3125 65 91.0625 74.125 41.875 34.0625 55.75 56.25 36.1875 31.375 34.375 29.9375 33.875 40.875 52.875 96 99.8125 63.5625 82.375 67.5625 63.1875 29.5625 36.4375 47.9375 45.4375 49 31.125 45.9375 54.625 39.3125 42.9375 29.3125
84.25 75.1875 93.8125 101 101 101 101 93.75 80.875 88.125 95.6875 100.6875 100 72.9375 87.1875 80.4375 94 90.3125 83.25 82.4375 84.3125 94.0625 99.3125 95.6875 98.9375 95.25 97.8125 93.75 94.625 100.8125 101 87.125 65.4375 55.3125 60.9375 75.875 84.0625 96.1875 78.3125 51.6875 58.375 86.5 58.125 49.875 74.0625 66.375 46.5 38 42 50.3125 48.6875 63.125 54.0625 53.1875 93.9375 74 30.875 37.1875 30.8125 26.625 34.625 39.375 61.6875 73.9375 96.9375 93.3125 90.1875 81.8125 83.0625 55.375 31.375 39.875 44.0625 45.5 42.9375 32.9375 42.6875 36.375 41.5 30.5
101 88.25 95 101 101 101 98 92.625 77.0625 93.1875 101 100.125 94.9375 96.875 81.625 72.125 76.8125 91.5 81.75 87.625 77.125 79.3125 78.5 82.4375 82.75 97.75 96.6875 100.25 77.75 88.75 99.5 99.125 80.125 56.25 47.625 55.5 65.125 69.25 47.5625 43.1875 51.0625 65.5625 42.3125 34.0625 25.5 29.375 46.0625 66.125 49.1875 60.4375 70.875 82.5625 89.8125 49.0625 62.4375 58.125 49.625 27.625 27 28.0625 30.1875 28.5625 45.8125 75.5 94.375 87.9375 101 97.25 99 89.125 42.6875 25.9375 28.125 37.1875 62.375 36.1875 34.25 41.4375 33.4375 34.6875
100.125 99.75 98.4375 94.1875 101 101 92.125 77.875 66.125 90.0625 88.625 96.9375 96 96.125 93.125 61.4375 79.6875 73.9375 86.375 86.9375 81.5625 81.625 77.375 78.9375 76.3125 94.875 85.125 88.5 81.1875 96 100 98.5625 66.5 51.5625 42.625 41.9375 82.4375 68.1875 43.1875 33.125 48.25 52.8125 77.0625 43.6875 49.9375 33.8125 30.8125 32.25 71.0625 83.5 86.6875 94.375 90.875 51.8125 27.875 36 49.6875 33.25 32.5625 31.1875 32.5625 28.4375 45.6875 59.5625 72.9375 92.125 101 99.1875 101 101 84 58 26.1875 44 39.0625 27.375 27.3125 31.3125 41.5 40.625
100.125 99.75 96.25 96.875 93.8125 97.0625 88.875 94.625 84.625 95.25 96.3125 88.4375 100.3125 84.125 72.1875 68.3125 67.875 86.5 87.1875 99.0625 81.6875 71.5625 75.125 62.875 62 75.6875 78.4375 79.4375 87.0625 84.25 76.8125 71.75 58.25 59.0625 30.4375 40.75 44.875 54.5 46.625 45.9375 37.5 50.1875 43.75 43.875 61.125 31.25 41.9375 39 40.9375 68.125 91.125 94.625 87.75 71.875 22.75 38.5625 37.4375 53.8125 44.0625 29.375 38.0625 30.625 32.9375 60.8125 65.8125 90.3125 101 101 101 101 101 89.0625 53.9375 41.875 39.125 37.625 36.6875 45.5625 42.0625 45
98.6875 92.3125 94.6875 91.125 72.75 68.3125 78.3125 83.0625 86.125 89.125 98 95.4375 93.1875 80.1875 82.6875 74.8125 72.5625 56.6875 54.375 84 98.875 88 74.0625 77.875 88.9375 86.125 88.3125 79.125 69.5625 47.5625 52.625 49.9375 51.6875 49.8125 40.625 47.4375 51.75 47.1875 30.5 45.25 31.3125 32.875 42.75 37 35.875 37.4375 38.875 48.0625 32.125 40.125 82.6875 92.3125 90 95.4375 55.8125 28.6875 35.9375 21.4375 46.75 28.25 33.9375 49.9375 47.1875 35.8125 46.875 93.3125 95.25 101 101 93.75 101 101 90.9375 49.6875 35.3125 31.4375 53.6875 34.5 40.0625 36.6875
93.375 80.5625 89.4375 92.75 79.75 78.6875 94.0625 82.75 83.9375 79.8125 68.5625 89.0625 90.25 95.0625 97 99.375 76.875 69.625 51.1875 68.3125 93.4375 77.6875 77.25 76.375 88.0625 74.25 76.25 87.75 81.0625 50.3125 31.125 48 44.875 40.0625 41.5 64.125 78 43.25 46.6875 42.0625 55.125 39.125 52.4375 38.1875 48.625 46.5 35.75 65.8125 28.25 37.4375 70.8125 84.75 87 98.5 90.75 51.875 47.8125 55.1875 33.5 32.75 30.8125 30.1875 33.0625 36.4375 65.6875 60.25 84.375 95.125 92.1875 101 101 101 99 73.0625 77.625 58.0625 63.625 62 75.6875 69.5
81.9375 59.4375 49.25 74.8125 79.3125 66.3125 76.8125 72.1875 80.6875 87.625 84.25 59.8125 80.1875 83.75 90.3125 93.3125 47 69.75 77.75 92 87.1875 68.25 86.75 97.125 99.625 92 92.6875 83 83.3125 58.0625 43.9375 49.9375 45.4375 54.875 63.6875 53.0625 46.3125 57 56.25 57.375 45.125 32.6875 38.4375 28.75 27.25 46.25 82.0625 97.3125 66.3125 41.5625 31 54.6875 91.5625 93.875 99.125 93.75 96 100.9375 53.125 43.625 66.625 62.625 33.5 27.1875 33.9375 58.5 88.25 101 96.8125 101 101 99 101 101 99.25 90.3125 78.0625 97.125 80.875 48
68.875 77.375 70.9375 71.4375 75.25 79.4375 96.5625 80.5 77.0625 89.625 94.75 88.0625 85.25 81.375 76.375 69.875 65.3125 46.875 89.4375 99.4375 97.4375 53.8125 77.4375 99.75 91.9375 100.5 100.8125 100.5 99.8125 95.125 62.8125 36.6875 43.6875 50.5625 52.6875 54.5625 41.0625 35.0625 26.875 29.625 27.5 36.4375 31.1875 58.375 66.875 58.5 67.875 40.8125 46.0625 43 30.125 62.0625 87.8125 91.375 101 101 101 75.3125 49.5625 59.3125 62.25 56.875 44.6875 39.375 38.25 38.125 75.625 93.1875 98.125 97.1875 98.375 95.4375 99.4375 96.8125 96 98.75 76.75 64.4375 59 65.1875
63.5625 66.1875 59.6875 80.3125 91.625 90.75 79.125 89.5625 93.75 95 97.0625 98.25 93.25 70.4375 86.625 53.9375 83.875 74.75 66.9375 93.3125 99.6875 76.9375 97.6875 100 101 100 101 101 97.5 87.8125 73.75 48.4375 62.6875 57.1875 36.25 39.1875 41.1875 30.5 32.625 50.9375 58.9375 32.75 39.125 32.5625 82.75 73.0625 61.875 71.5 49.8125 53 43.375 57.5 70.6875 61.5625 61.75 51.625 69.8125 79.25 57.6875 63.9375 43.8125 36.75 50.375 58.5 72.375 48.9375 62.0625 75.375 101 101 101 96.9375 101 100 97.375 98.3125 90.125 83.9375 46.3125 35.125
65.9375 68.9375 74.4375 81 89 90.3125 95.5 95.25 97.75 97.3125 93.8125 90.1875 93.1875 74.0625 67.6875 65.625 72.0625 62.375 59.4375 62.25 96.1875 58.25 100.8125 88.125 93.1875 90.9375 83.5625 79.3125 74 86.0625 92.6875 82.5625 56.25 24.0625 32.5 33.75 40.625 25.625 30.9375 46.0625 74.125 32.875 49.875 44.125 67.25 90.0625 75.8125 56.75 82.5 67.25 43.5625 81 42.375 45.75 33.75 31.1875 66.0625 72.1875 87.625 51.5 25.25 38.625 59.6875 73.1875 86.5 61.8125 52.375 74.6875 101 96.625 89.625 85.75 76.0625 91.0625 101 96.875 68.625 43.75 32.9375 31.8125
77.125 76.8125 85.8125 94.125 81.75 67.9375 97.3125 101 98.4375 98.8125 94.25 91.375 85.625 75.8125 60.5625 50 45 47.625 72.75 79.875 80.125 74.4375 86.25 87.1875 91.875 81.9375 73.625 88.9375 78.125 83.3125 69.1875 42 38.4375 48.4375 23.875 35.6875 58.375 28.5625 38.3125 59.3125 78.8125 84.0625 85.9375 67.8125 81.8125 56.8125 52.8125 70.5625 62.25 82.6875 86.8125 93.5 94.9375 76.375 44.375 52.5 76.6875 71.5625 78.25 67.5625 87.0625 86.5 82.375 71.4375 77.25 91.875 46.875 44.125 101 101 101 61.6875 30.5625 51 100.1875 90.375 54.5 28.1875 27.6875 32.3125
52.8125 62 76.375 96.0625 89.875 79.8125 74.625 87.5 98.8125 76.3125 93.75 93.0625 62.6875 49.8125 81.4375 76.5625 55 53 71.125 75.8125 80.875 76.75 85 73.25 84.875 92.0625 86.4375 80.375 82.8125 69.375 44.375 42.625 32.1875 41.3125 32.6875 31.125 40.4375 41 40.125 57 49.0625 67.5625 54.75 54.875 95 78.625 63.125 55.4375 49.125 48.5625 85.375 66.125 89.1875 89.875 89.125 69.3125 79.0625 91.0625 83.8125 59.625 60.25 78.8125 81.0625 68.75 79.5625 81.0625 70.375 47.875 65.75 95.625 90.375 88.625 55 36.6875 49.8125 89.9375 58.8125 43.4375 38.8125 36.0625
71.1875 71.5 86 91.875 87.375 83.25 65.6875 60.875 82.625 89.3125 85.375 86 57.75 57.25 76.3125 87.875 84.125 82.875 75.1875 75.625 77.8125 78.625 87.75 58.1875 56.625 66.75 71.0625 61.25 65.5625 65.3125 44.75 44.125 37.25 40.6875 44.25 34.1875 35.5625 37.1875 40.0625 41.3125 59.9375 48.1875 49.6875 77.9375 68.375 82.9375 59.25 66.375 66.8125 61.9375 51.3125 75.0625 83.9375 98.125 96.5625 91.5 78.0625 77.3125 83.4375 77.0625 78.6875 54.625 57.625 41.4375 49.5625 45.9375 51.625 42.625 46.5625 73.875 89.4375 98.875 93.6875 49.5625 33.125 26.6875 61 61.75 33.5 33.4375
68.4375 65.125 82.3125 94.375 91.5 87.9375 88.0625 65.75 78.0625 74.125 94.0625 85.9375 73.6875 74.6875 68.1875 59.6875 66.3125 82.4375 85.375 72.3125 84.8125 92.25 71.75 46.125 56.9375 37.9375 42.25 34.5 38.625 28.9375 23.1875 25 38.5 35.75 42.5 41.0625 48.8125 49 48.0625 38.5625 55.1875 46.1875 30.9375 29.875 62.875 49.625 92.125 60.9375 62.9375 67.6875 56.8125 74.25 76.0625 86.375 95.875 99.625 99.8125 93.0625 89.5625 70 74.1875 56.9375 70.1875 47.9375 32.8125 33.25 51.625 37.0625 47.375 50.125 56 81.125 86.9375 83.5 57.8125 28.3125 40.5 61.9375 28.75 29.0625
74.125 61.125 61.625 85.75 94.375 96.625 83.75 68.0625 61.3125 74.3125 80.4375 82.8125 76.5 78.6875 65.8125 61.8125 64.9375 84.5 73.875 65.1875 49.625 95.75 62.1875 36.125 43.875 48.4375 61.3125 66.9375 53.375 72.625 58.5625 51.3125 42.3125 53.6875 58.375 65.9375 84 75.875 52.5 66.125 43.375 67.5 42.3125 36.5 68.75 47.625 62.5625 59.125 73 83.1875 71.3125 65.75 65.4375 73.6875 79.6875 67.0625 70.0625 75.25 93.5 86.6875 89.875 82.4375 79.0625 66 52.3125 57.5625 35.8125 54.25 55.5 26.875 32.625 24.375 49.5 55.375 97.0625 67.875 60.3125 34.75 41.625 31.625
52.5 57.6875 81.5625 75.75 83.625 93 75.8125 68.6875 57.3125 54.3125 41.5 53.6875 58.125 68.625 56.4375 77.25 59.75 87.625 86.9375 67.9375 62.0625 91.625 74.625 53.75 55.5 61.1875 55.125 65.75 52.6875 49.125 43.75 62.6875 56.6875 71 58 75.5625 46.6875 84.1875 73.75 84.1875 92.75 69 49.25 45.375 43.75 50.4375 86.125 92.625 74.5625 91.875 97.125 65.0625 76.3125 86.9375 72.3125 39.0625 76.625 85.0625 98.4375 95.3125 94 60.875 47.75 68.125 56.0625 60.5625 72.0625 51 85.3125 85.6875 83.625 61.9375 35.25 32.75 59.1875 86.4375 89.125 61 43.5625 30.1875
48.3125 52.25 46.0625 70.6875 90.3125 88.3125 95.5625 84.8125 67.0625 53.875 55.625 63.375 48.125 81.75 61.6875 69.125 83.5625 89.375 82.4375 83 71.6875 89.6875 69.625 71.375 60.5 52.375 85 47.625 65.0625 34.75 41.75 44.5 50.9375 48.75 54.125 49.1875 77.3125 81.375 58.4375 79.125 93.8125 79.1875 58.75 69.5 67 59.625 80.1875 86.4375 87.9375 96.125 87.125 73.1875 100.5 93 86.9375 63.375 49.1875 73.9375 89 100 93.625 71.25 33.0625 31.6875 30.75 23.875 31.6875 32.3125 51.25 91.5625 96.125 78.3125 76.8125 34.5625 44.0625 63.5 74.625 50.375 52.8125 37.5
49.6875 74.4375 72.625 74.6875 81.25 83.125 82.625 86.875 77.3125 75.0625 74.75 77.625 69.0625 74.625 84.5 84.25 73.5 81.6875 80.25 81.375 74.3125 86.1875 62.0625 68.5625 68.5625 72.125 53 68.4375 64.875 54.375 41.625 39.125 60.5 48.8125 36.5625 49.5625 56.625 69.1875 77.5625 71.5 96.25 64.875 85.375 47.4375 63.625 78.25 97.6875 75.625 79.25 85.6875 90.1875 77.1875 86.625 84.75 85.125 74.5 91.1875 76.125 78.875 87.5 87.0625 71.5625 42.75 54.625 33.0625 45.5625 33.1875 41.3125 36.5625 46.75 76.375 101 101 57.625 29.8125 34.5625 74 52.25 65.9375 51.75
74.75 71.0625 72.5 93.25 93.375 90.625 87.25 86.75 73.875 77.9375 75.5 83 89.8125 71.5625 87.875 85.4375 82.0625 76.3125 67.875 88 79.3125 60.1875 67.875 48.875 69.3125 79.625 62.375 40.6875 47.4375 43.875 63.125 72.9375 62.5625 64.5 40.25 43.5 51.6875 63.625 66.375 66.25 72.5 40.5625 61.3125 66.5 80.875 64.1875 82.5 81.1875 82.9375 71.375 89.6875 79.875 88.6875 75.75 60.8125 71.1875 93.25 68 63.25 66.9375 76.8125 74.4375 67.5625 54.875 39.75 32.0625 41.1875 54.75 26.9375 34.6875 64.3125 78.6875 99.125 94.0625 65.25 31.25 45.5625 67.5625 32.6875 71.625
68.5 78.0625 90.125 73.0625 80.875 90.9375 87.125 91.5625 90.125 86.0625 87.6875 68.875 89.5 93.8125 82 86 87.5 73.5625 79.5 76.9375 79.5625 72.125 66.3125 58.75 53.6875 65.9375 76.3125 73.625 63.25 65 68.6875 66.5 56.3125 48.0625 62.8125 49.6875 54.5 42.0625 46.6875 59.6875 57.5 60.1875 59.5625 69.5625 53.6875 61.5625 84.25 82.8125 85.9375 74.875 72.375 86.4375 99.625 87.125 89.75 94.8125 77.1875 79.8125 86.1875 65.6875 60 78.3125 89.0625 83.9375 91.6875 31.8125 28.25 34.375 51 42.6875 45.5 41.375 60.5 88.75 91.8125 76.5625 34.25 66.8125 62.3125 34.375
52.5 57.375 78.25 77.875 71.625 82.125 85.75 87.25 79.9375 95.125 81.0625 86.9375 81.875 85 91.875 82.4375 85.375 80.5 85.625 79 77.3125 78.875 71.25 57.5 76.4375 83.25 77.6875 80.3125 58.0625 66.75 87.8125 92.5 85.75 64.8125 55.5 57.375 74.75 72.625 34.375 56.4375 45.125 41.5625 43.25 48.5 63.6875 78.5625 69.6875 89.125 81.875 88.9375 88.1875 93.3125 94.1875 96.25 78 85.6875 91.4375 72.25 72.9375 57.9375 49.4375 57.75 69.625 41.0625 58.6875 57.0625 55.3125 64.0625 32.875 46.75 37.3125 41.625 37.375 67.25 85.3125 71.6875 36.0625 41.1875 88.625 72.375
48.4375 50 62.6875 47.3125 77.375 72.6875 67.375 84.3125 70.875 79.125 90.0625 89.75 87.5625 84.6875 93.1875 79.625 82.4375 76.6875 71.75 68.125 74.9375 65.6875 64.3125 80.4375 74.6875 91.6875 94.5625 94.8125 92.8125 95 92.5 70.3125 80.9375 78.4375 72.5 66.6875 65.3125 62.8125 53.625 62.125 50.1875 57.625 50.3125 65.1875 60.875 46.75 50.4375 64.0625 74.1875 69.375 77.375 82.8125 56 62.5 61.375 62.125 77.5 81.125 61.9375 42.3125 44.375 24.1875 29.75 26.5625 35.1875 30.625 44.8125 68 36.5 40.625 44.6875 40.5625 29.6875 57.625 51.875 43.5625 42.4375 70.8125 69.125 54.125
58.3125 67.6875 60.1875 74 66.125 80.8125 79.1875 78.25 88.9375 85.6875 85.75 80.75 68.4375 79.6875 73.1875 95.9375 93.75 74.5 75 86.3125 60.4375 67.875 78.4375 92.9375 92.1875 98.0625 95.8125 99.8125 98.5 95.0625 93.25 100.125 84.125 90.125 86 80.75 65.5 70 61.875 52.5625 81.6875 62.8125 46.4375 40.5625 34.8125 54.1875 75.625 86.25 62.6875 70.875 54.4375 40.3125 62.8125 54.3125 36.1875 32.6875 56.75 60 46.6875 27.5 35.375 28.875 27.8125 28.125 35.8125 42.5625 32.9375 44.9375 37.125 36.125 44.625 29.625 31.75 61.25 70.0625 40.4375 59.75 32.1875 54.1875 43.3125
76.75 67.5625 65.875 87.4375 85.1875 77.375 70.875 89.1875 96.4375 87.75 95.5 78.3125 82.25 78.875 92.8125 67.5 94.125 86.6875 83.3125 87.9375 75.1875 94.75 86.875 97.3125 92.75 97.6875 90.75 92.875 100.375 100.1875 101 93.875 85.5 73.6875 63.5625 73.625 88.9375 56.25 54.5625 62.0625 73.6875 79.4375 88.5625 86.6875 61.625 70.125 72.5 85.4375 64.9375 42.625 18.3125 38.5625 37.5625 75.125 59.875 50.625 30.3125 50.1875 45.4375 41.875 30.125 48.25 81.375 48.625 68.125 61.625 34.9375 27.1875 45.25 37.75 30.6875 43.5625 47.1875 59.75 64.25 51.75 72.875 42.4375 41.5625 40.125
53.4375 56.375 68.625 68.4375 67.625 71.9375 70.625 75 70.8125 61.125 91.5625 89.875 86.0625 89.25 77.0625 86.75 88.875 99.25 94.75 99.6875 92.875 84.8125 75.5 79.1875 77.5 71.625 86.125 88.875 99.125 100 93.125 86.9375 78.0625 62.875 70.1875 64.0625 67.25 43.25 27.1875 44.9375 74.1875 91.1875 95.8125 88.5625 76.5625 81.625 89.6875 83.0625 77.8125 58.125 43.0625 50.75 32.0625 32.3125 37.125 58.1875 59.375 37.1875 29.8125 27.6875 32.75 65.75 101 62.1875 93.0625 62.125 66.9375 29.75 31.4375 41 40.5625 46.125 82.625 44.5625 43.5 52.875 51.75 72.1875 55.6875 38.5625
79.9375 68.4375 55.9375 56.3125 72.4375 69.75 77.625 80.6875 91.75 89.625 76.625 96.1875 93.125 80.9375 79.9375 69.5625 71.5 87.25 89.875 96.0625 84.875 60.625 77.625 60.5625 62.5 80.125 75 59.4375 90.9375 93.125 93 78.5 47.1875 58.1875 65.6875 53.0625 47.625 33.375 27.5625 32.75 61.875 85.8125 82.5 67.25 67.75 82.9375 89.1875 90 41.5 26.3125 37.75 34.5 39.5625 76.25 46.5 51.8125 37.8125 27.375 28.25 31.9375 41.1875 45.125 96.875 98.3125 66.75 91.5 88.875 44.375 52.1875 31.625 51.6875 31.5625 58.8125 94.9375 83.125 64.4375 73.25 91.625 53.75 36.6875
81.5 59.5625 48.8125 63.9375 60.625 75.75 68.75 66.875 76.375 83.1875 76.125 89.6875 93.4375 89 76.75 87.125 85.8125 100.375 79 83.625 61.0625 57.5625 53.875 49.1875 44.9375 52.0625 67.625 70.0625 88 71 80.25 89.0625 49.9375 60.5625 44.375 46.875 34.6875 34.9375 36.625 40.25 49.25 72.25 67.5625 82.3125 80.9375 89.75 93.5 89.25 50.25 39.5 36.375 63.5625 46.5625 44.9375 63.1875 52.1875 67.5625 74.9375 61.25 42.3125 64.5625 38.125 59.25 93.6875 87.625 86.75 47.25 42.1875 33.4375 28.5625 38.625 45.4375 37.9375 86.1875 76 73.5625 99.25 89.625 41.25 47.5625
89.8125 84.8125 80.875 69.3125 63.375 73.1875 72.625 78.4375 68.875 89.1875 83.9375 99.0625 94.375 96.125 97.3125 96.1875 97.1875 88 76.0625 46.6875 36.3125 27.3125 39.4375 55.125 53.1875 57 38.8125 66.875 74.75 60.3125 68.0625 78.875 60.625 50.6875 32.875 32.375 36.4375 36.5625 37.625 30 45.1875 77.8125 55.3125 89.5 88.125 66.75 80.3125 77.75 66.9375 69 66.6875 49.5625 47.625 55.625 75.375 55.4375 57.875 45.4375 37.8125 48.75 32.0625 41.375 35.875 71.8125 85.1875 62.6875 47.5625 44.5625 76.1875 37.8125 33.6875 33.125 71.3125 62.625 93.125 91 101 98 38.125 86.5
87.8125 65.9375 77.9375 74.5625 70.4375 81.4375 65.25 57.1875 54.9375 60.5625 82.125 88.875 94.9375 100.625 99.3125 90.9375 70.5625 73.1875 67.5625 59.25 50.1875 36.1875 56.5 46.625 49.6875 61.75 44.0625 44.75 75.75 78.375 64 68.625 63.25 41.0625 34.25 33.8125 36.4375 45.3125 41.5 49.8125 38.125 74.375 60.5 64.6875 78.3125 73.75 59.6875 70.5 89.3125 69.375 59 64.8125 51.625 32 27.0625 41.5 33.25 42.5625 51.0625 43.0625 45.625 43.1875 34.8125 40.1875 56 92.125 58 90 49.5625 41.75 43.5625 37.6875 89.0625 76.5625 83.5 97.0625 98 82.5625 60.5625 101
