Environ_rasters/b_elev_r.asc
NCOLS 390 
NROWS 330 
XLLCORNER -114.009999948 
YLLCORNER 32.984999373 
CELLSIZE 0.0333760701179487 
NODATA_value -9999 
[rows 290 to 318 of 330, columns 0 to 66 of 390]
399.4375 403.6875 401.1875 398.625 393.0625 390.3125 386.125 378.75 368.8125 367.625 378.6875 381.25 384.75 385.5 390 392.6875 386.0625 384.375 381.875 382.625 384.375 378.6875 368.1875 344.25 336.625 358.6875 361.625 352.5625 340.875 329.5625 314.75 327.5625 330 325.125 306.5 280 275.1875 291.875 296.125 298.5625 297.4375 297.8125 305.6875 314.75 303.9375 307 295.75 271.1875 255.25 270.4375 283.5 295.8125 309.125 319 311.375 314.5625 316.6875 322.625 323.9375 308.6875 306.3125 303.625 293.3125 286.6875 273.6875 257.8125 252.1875
406.8125 409.4375 408.6875 406.375 397.875 396.625 391.0625 380.0625 366.75 370.375 380.0625 389.4375 394.5625 397 395.1875 394.125 393.5 390.9375 389.4375 386.5 378.6875 368.3125 363.625 358 348.875 346.6875 354.75 350.5625 342.125 332.625 326.625 331.5625 334 329.4375 306.8125 288.5 282.125 293.9375 298.3125 296.8125 288.4375 295.4375 307.375 316.125 313 312.625 303.25 284.125 274.375 264.25 279.5625 283.0625 312.375 328.5 331.125 323.125 321.875 321.0625 327.9375 322.625 311.0625 305.375 297.3125 281.875 268.5 258.8125 258.3125
409.4375 412.75 413.625 412.5625 403.8125 401.6875 399.6875 399.0625 399.0625 384.3125 377.1875 383.8125 396.9375 396.1875 395.375 392.5625 390.125 387.625 378.5625 372.875 368.875 365.6875 364.75 361.375 347.75 342.8125 349 347.1875 342.3125 338.8125 337.8125 334.375 330.25 330.625 326.25 296.3125 271.1875 289.5 292.5625 276.75 271.0625 289.5 310.875 324.1875 324.3125 314.4375 307.8125 275.8125 253.25 239.75 249.875 286.375 313.8125 335.6875 334.0625 342.25 338.0625 329.0625 330.1875 322.75 315.6875 308.0625 296.75 286 281.5 302.25 310.5625
403.75 398.5 394.0625 397.25 392.625 406.5 406.25 403.625 402.4375 400.4375 391.4375 388.0625 386.8125 384.1875 386.5 388.5 387.1875 385.5 382.5 377.0625 372.0625 368.9375 365.8125 362.5625 358.4375 352.875 353.25 350.375 347.6875 341.0625 328.5625 325.1875 312.75 318.5625 325.4375 329.5625 294.75 285.875 285.125 275.75 273.0625 297.5 311.5625 325.625 327.375 309.3125 300.875 273.5625 254.5625 232.875 248.6875 284.5 283.9375 319.4375 341.6875 344.6875 340.9375 332.0625 322.9375 317.625 316.1875 308.4375 291.5 286.5625 312.4375 323.5 332.1875
385.6875 387.1875 374.5625 384.8125 394 397.875 396.3125 396.75 398 401.125 390.5 370.625 362.5625 358.4375 370.75 379.8125 383.4375 382.0625 378.25 376.1875 374.6875 372.0625 366.625 365.3125 361.6875 357.8125 352.375 349.5 347.5625 344.6875 342.875 339.0625 335.75 333.8125 336.625 337.3125 333.75 312.1875 309.1875 292.5625 287.6875 301.25 313.5 320.6875 325.4375 314.25 297.0625 279.25 265.625 252.8125 241.75 258.1875 254 306.875 343.4375 352.8125 335.25 329.4375 321.125 317.75 312 297.25 277.8125 290.75 326.4375 334.4375 343.5625
376.9375 379.8125 385.875 385.625 381.9375 386.625 390.0625 389.875 387.25 386.75 381.125 366.3125 345.1875 351.8125 367.875 376.5 377.1875 376.625 375.3125 373.125 371.3125 369 368.0625 364.625 360.5625 357.5 354.375 351.9375 350.375 349.5 347.875 345.75 344.875 344.0625 342.9375 344.375 342.8125 338.8125 329.8125 319.0625 292.25 306.75 309.25 305.9375 323.0625 313.1875 295.4375 283.25 275.9375 281.4375 246.25 251.5 252.5 302.8125 347.1875 352.125 337.125 342.3125 322.75 318 315.875 298.875 296.875 291.1875 316.375 335.5625 342.8125
393.3125 391.375 388.0625 385.5 383.0625 383.625 381.375 379.9375 376.125 367.1875 372.125 376.8125 375.5625 373.4375 370.1875 366.5 368.125 366.8125 365.25 360.875 360.5625 356.6875 361.25 364.3125 362.3125 360 357.4375 355.625 354.3125 352.625 348.5625 350.5 350.25 348.5 347 348.5625 349.25 345.0625 343 339.9375 334.625 333.375 340.875 335.3125 326.125 308.125 299.6875 305.125 280 302.625 299.3125 280 283.5 286.25 343.5625 360.375 346 354.6875 333.5 330.75 321.4375 312 303.5625 296.1875 316.5625 303.375 323.5
396.75 394.3125 390.9375 388.0625 386 376.3125 366.9375 364.125 366 378 382.9375 381.125 378.3125 374.9375 369.3125 367.4375 363 355.4375 335.4375 324.1875 316.8125 332.5 351.75 359.375 361.125 361.1875 359.9375 358.4375 357.1875 356.25 352.3125 346.4375 351.6875 352.3125 351.5 352.4375 354.75 352.0625 349.125 351.4375 349.6875 346.1875 333.1875 329.8125 320.125 327.75 326.3125 330.0625 314.75 324.3125 332.25 310.875 318.5625 312.25 346.75 367.4375 367.9375 355.125 344.0625 318.4375 282.5 297 290.8125 294 316.8125 316.4375 304.3125
398.4375 396.375 393.875 391.0625 386.625 380.625 376.9375 382.3125 384.25 385.5625 383.875 381.1875 377.875 373.6875 368.1875 360.25 344.8125 321.4375 314.1875 316.3125 344.125 353.5 358.75 362.8125 362.5625 356 355.5 357.4375 359.6875 356.625 355.25 350.6875 355.625 355.9375 355.5 356.5 358.875 355.25 360.0625 360.8125 353.9375 340.0625 330.4375 311.3125 318.25 330.0625 345.8125 345.375 326.5 346.3125 349.25 337.6875 341.1875 346.75 357.625 372.0625 366.375 352.75 336.5 313.3125 279.75 308.875 303.25 289.5 301.8125 333.0625 321.0625
400.625 398.5625 396.25 393.625 390.75 386.75 386.5 387.75 387.6875 385.9375 383.125 379.625 376.25 369.9375 353.8125 330.75 316.6875 331.5625 352.125 359.125 362.3125 363.6875 365.25 366.6875 367.25 366.5625 358.1875 361.75 360.875 361.5625 360.6875 359.3125 358.5 358.8125 359.375 360.1875 362.875 365.875 362.625 354.0625 347.6875 337.6875 324.375 312.875 321.625 334.75 342.0625 351.875 351.375 356.6875 360.25 358.875 346.5 356.125 367.1875 375.0625 368.75 352.9375 335.8125 307.375 306.6875 325.9375 314 299.0625 307.25 308.1875 346
403.0625 400.5 397.375 393 389.6875 390.5625 390.75 389.4375 387.375 384.75 381.25 377 371.6875 354.375 323.3125 324.8125 350.1875 361.5625 365.375 367 367.5 368.3125 369 369.375 368.6875 367.1875 365.5625 364.3125 361.9375 363.375 361.8125 360.1875 358.6875 357.8125 359 361 364.5625 367.9375 368.5625 361.875 354.0625 347.25 337.125 331.375 324.6875 318.6875 332.1875 348.875 360.4375 361.1875 369 372.875 373.625 364.8125 376.9375 373.125 365.8125 357.1875 346.6875 331.875 331.6875 316.5 323.4375 316.125 321 306.4375 314.625
403.8125 399.5625 396 391.5 388.5625 392.625 390.875 387.875 385.125 382.4375 377.6875 368.1875 353.0625 354.4375 350.75 360.625 366.125 368.875 370.3125 370.75 371 370.75 370.3125 369.5625 369 367.9375 366.8125 366 364.5 362.4375 360.625 358.25 356.4375 354.8125 354.5 357.1875 361.625 365 368.75 369.25 363.5 358.625 353.1875 342.3125 337.6875 336.5625 339.875 347.125 352.5625 364.9375 376.5625 379.3125 379.6875 373.0625 363.625 361.9375 365.375 358.5 350.375 327.3125 307.8125 322.625 332.3125 314.625 317.8125 318 307.9375
404.375 401.0625 398.125 396.8125 394.75 393.75 389.375 385.3125 380.875 376.125 356 328.3125 339.8125 360.1875 366.625 370.125 371.75 372.6875 372.6875 372.125 370.5 368.875 367.8125 366.625 366.6875 367.5625 367.3125 365.875 363.5625 360.6875 357.0625 355.1875 352.75 351.5625 351.9375 350.5625 356.3125 358.25 362 370.25 371 364.75 361.6875 355.8125 349.4375 345.0625 348.25 348 352.3125 368.75 378.4375 382.5625 381.5 375.75 370.1875 370.5 369.1875 368.125 363.8125 356.125 334.125 342.5625 336.25 320.1875 311.75 319.0625 308.5
403.4375 402.25 400.1875 398.6875 396.875 393.6875 388.625 376.3125 368.8125 359.8125 353.875 359.25 364.6875 370.5 372.1875 373.875 374.5 373.5 371.6875 370.0625 367.6875 363.1875 355.9375 350 359.625 364.6875 366.75 365.25 362.6875 358.625 353.875 353.625 351.9375 352.25 351.625 354.3125 351.125 358.75 361.4375 368.75 375.3125 371.4375 367.75 364.6875 363 359.9375 360.125 356.375 365.125 370.5625 373.6875 383.625 379.625 366.8125 377.125 375.9375 370.5 365.6875 368.75 360.375 349.9375 360.625 351.3125 328.125 313.6875 325.75 334
401.375 402.6875 401.3125 399.75 397.625 394.125 388.6875 376.6875 345.375 353.0625 365.125 369.8125 372.4375 374.4375 375.6875 375.6875 373.75 371.0625 367.625 359.4375 344.5625 323.25 342.5625 341.4375 357.9375 365.125 366.625 366.6875 363.1875 354.0625 361.1875 362.6875 361.9375 360.625 360.4375 363 362.375 367.9375 368.9375 371.8125 377.8125 374.875 372.875 371.875 371.8125 371.5625 370.1875 371.5625 367.4375 374.3125 379 384.1875 384.4375 380.9375 381.375 379.1875 378.75 376.4375 372.25 367.75 361.625 368.125 361.0625 348.125 342.375 336.5 347.4375
399.125 401.75 402.125 400.875 398.6875 395.75 391.0625 380.0625 358.1875 359.5625 369.25 373.0625 375.625 377.1875 376.6875 373.9375 370.75 365.125 347.25 304.9375 296.6875 322.25 352.125 366.0625 366.75 366.75 365.6875 366.9375 367.5 367.0625 368.6875 369.625 368.875 368.8125 369.75 371.75 372.5625 373.8125 374.625 375.3125 379.625 377.9375 377.4375 377.25 377.8125 377.875 377.6875 378.75 376.5625 376.75 381.5625 387.4375 386.9375 384.875 384.375 382.5 379.75 377.6875 378.5625 376.75 371.9375 370 360 356.375 349.75 344.4375 350.25
394.625 399.8125 401.4375 401.5625 400.0625 397.3125 393.125 386.9375 376 370.9375 373.6875 376.125 378.25 377.875 374.6875 370.3125 360 352.125 331.4375 331.125 324.5625 350.5 365.8125 370.5625 367.875 364.875 363.125 364.4375 366.875 369.5 372.25 374.25 374.5 374.8125 376.0625 377.25 378.125 378.6875 379.5 380.9375 382.75 380.3125 381.1875 381.625 382.4375 382.75 383.3125 384 380.75 383.875 384.375 387.875 390 388.125 386.875 385.875 384.5 382.5 379.25 379.875 377.125 371.9375 365.8125 359.875 354.0625 348.125 351.9375
392.0625 397.75 399.6875 400.5625 400.8125 399.0625 395.5625 391.875 388.25 376.875 374.75 375.75 378.6875 379 372.625 371.1875 358.4375 366.8125 368.9375 360.9375 363.5625 372.3125 373.625 369.375 361.875 360.8125 358.3125 360.625 363.9375 366.25 371 375.125 377.8125 379.0625 380.4375 381.5 382.3125 382.5625 382.9375 385.125 383.3125 382.375 383.5 384.625 385.625 386.375 387.3125 388 388.9375 389.75 391.1875 391.8125 390.875 390 385.3125 387.125 387.375 383 382.6875 382.5 379.1875 374.4375 369.1875 363.625 356 351.375 356.4375
390.3125 394.625 397.4375 398.5625 400 399.875 398.125 395.25 392 387 378.3125 368.875 374.4375 377.625 379.375 382.8125 382.0625 381.125 378.5 376.0625 379.5 379 378.1875 371.875 367 364.4375 356.125 356.375 358.4375 358.8125 367.375 374 378.375 381.1875 383 384.6875 385.5 385.8125 385.1875 387.875 385.375 384.6875 385.5 386.625 387.875 389.0625 390.25 391.0625 392.0625 392.5625 393.75 395.3125 392.25 392.3125 389.6875 388.9375 390.1875 388.5625 384.0625 384.5625 382.0625 378.5625 374.6875 370.125 360.875 351.9375 357.1875
389.875 392.5625 391.75 396.0625 399.4375 399.9375 399.0625 397.6875 393.3125 390.3125 386.75 376.8125 377 373.25 380.8125 385.8125 386.3125 385.75 384.875 385.25 384.5 383.6875 381.875 378 375.4375 371.625 365.4375 360.8125 357.0625 359.5 364.6875 372.875 377.9375 382.125 384.8125 386.5 387.9375 387.9375 388.125 390.3125 386.9375 386.1875 386.3125 387.875 389.3125 390.625 391.9375 393.125 394.25 395.3125 396.1875 396.5 395.0625 395.0625 392.5 392.1875 392 390.625 388.125 387.25 385.75 383.8125 381.0625 377.375 369.125 345.4375 348.375
385.5625 387.9375 388.75 390.25 397.3125 398.5625 398.75 398.3125 397 394.6875 391.1875 387.5625 385 386.375 383.5625 386.625 388.25 388.5 388.5625 388.125 387.25 386.75 385.75 382.8125 378.4375 369.5625 372.4375 373.8125 375 371.0625 373.0625 371.375 374.1875 375.5625 386.125 388.3125 389.5625 390.25 391.4375 390.0625 387.6875 382.6875 382.1875 383.5625 384.3125 390.375 393.25 394.4375 395.8125 397 398 397.625 397.125 396.9375 396.25 394.875 393.625 392.4375 391.25 389.5625 388.8125 387.8125 386.4375 385.125 380.8125 354.3125 354.25
374.5625 381.4375 384.4375 391.375 395.5 397 397 397.0625 396.9375 396.625 393.875 388.125 390.75 390.75 390.5625 389.5625 388.75 390.0625 390.5 390.0625 389.625 389.4375 389 387.5625 385.875 375.3125 370.6875 379.5 381.6875 382.875 381.3125 381.9375 383.6875 382.1875 382.875 389.1875 391.6875 392.4375 393.625 390.6875 386.0625 374.6875 365.4375 357.25 368.1875 389.5625 393.75 395.9375 397.125 398.3125 399.375 398.875 398.75 398.1875 397.25 396.125 395.0625 393.5625 390.25 390.0625 391.0625 390.875 390.1875 389.6875 387.25 373.4375 357.1875
349.375 369.125 371.875 374.75 390.1875 394.625 394.5 394.6875 395.3125 396 395.8125 392.5 392.6875 392.5625 391.6875 391.25 391 391.25 391.6875 391.9375 391.75 391.8125 392.0625 392.0625 392.375 390.875 383.875 381.6875 386.5 388.4375 389.375 390.75 392.375 393.125 394.125 392.3125 393.25 394.5 395.6875 391.75 386.75 376.25 343.625 342.8125 369.625 391 395.125 397.25 398.6875 399.625 400.5625 400.25 400.0625 399.3125 398.375 397.3125 396.4375 393 391.4375 388.8125 391.4375 392.875 393 392.5625 391.8125 388.375 383.4375
367.375 368.8125 373.1875 375.125 374.6875 386.5 391.5 392 393.25 394.5 395.4375 394.625 394.125 393.0625 392.3125 391.5 391.3125 391.75 392.5 393.375 393.5625 393.625 394.3125 395 395.6875 396.0625 394.5 386 386.4375 392.0625 393.625 394.9375 396.4375 397.1875 396.8125 396.0625 396.0625 396.75 397.1875 393.5625 389.6875 383.3125 372.0625 343.875 368.875 394.25 397.3125 398.9375 400.3125 400.75 401.375 401.375 401.1875 400.25 399.3125 398.3125 397.75 397.875 396.125 386.4375 383.8125 390.4375 394.5 394.5 393.6875 392.0625 390.1875
370.9375 373.5 371.6875 377.375 381.9375 381.4375 386.875 389.75 391.625 393.0625 394.25 394.9375 393.9375 391.875 388.25 387.25 385.5 385.5625 389.4375 392.3125 394.1875 395.3125 395.875 396.75 397.5625 398.25 397.5 397.4375 394.9375 395.25 396.5 397.875 399.0625 399.375 398.8125 398.3125 398.125 398.6875 398.3125 395.75 392.5 387.8125 374.5 358.875 382.5625 395.375 399.3125 400.8125 401.6875 401.8125 402.4375 402.8125 402 401.0625 400.125 399.5 399.25 399.5 399.1875 397 394.8125 389.5625 394.8125 395.875 395.4375 394.5 393.6875
373.375 372.5 374.1875 375.6875 378.3125 383 385.9375 388.1875 389.5625 391.6875 393.0625 393.625 393.5 388.6875 389.375 386.125 379.8125 369.6875 375.4375 388.125 391.75 394.25 396.625 397.6875 398.5625 399.375 399.9375 399.125 397.875 396.0625 398.6875 400 400.6875 400.75 400.6875 400.375 400.25 401.125 399.875 398.25 396.1875 393.6875 383.3125 383.0625 392.625 398.4375 401.125 402.25 403.125 403.5 403.625 403.375 402.8125 401.9375 401.375 400.875 400.75 400.75 400.5625 399.375 397.9375 396 396.375 396.8125 396.5 396.4375 396.125
366.8125 363.9375 365.125 368.9375 368.625 377.75 383.1875 386.75 388.5 388.5 389 392 392.8125 390.8125 389.75 387.5625 383.8125 378.5625 377.3125 377.875 386 391.125 395.8125 398.0625 399.125 399.9375 400.5625 399.125 394 388.4375 397.5 399.125 400.25 402.9375 402.5 402.3125 402.125 402.9375 401.9375 401.25 400.125 398.9375 397.5625 397.5625 400.4375 402.375 403.375 404 404.3125 404.375 404.5 403.9375 403.5 402.9375 402.4375 402.125 401.9375 401.625 401.0625 400.4375 399.5 397.4375 397.5625 397.8125 397.6875 396.8125 395.6875
343.875 340.5 354.375 362.0625 366.6875 375.6875 377.625 379.75 380.875 385.9375 387.75 389.625 390.875 391.25 388.5625 387.9375 386.4375 385.6875 384.375 378.625 372.875 385.4375 394.4375 397.75 399.5 400.4375 401.125 399.3125 388.9375 391.25 398.4375 395.4375 401.3125 404.5 404.1875 404 404.0625 404.625 404 404 403.3125 403.25 403.5 403.75 404.5 405.1875 405.9375 405.875 405.625 405.375 405.375 404.75 404.0625 403.875 403.3125 403.125 402.625 402 401.375 400.875 400 399.5 398.9375 398.0625 397.0625 396.6875 396.375
340.5 347.125 353.25 356.1875 360.5 366.875 371.0625 370.75 374.3125 379.5625 383.25 378.5625 382.8125 386.8125 390.125 390.25 389 390.625 389.3125 385.3125 380.75 380 393.5 397 398.5625 400.0625 401.5 401.1875 398.25 399.375 401.5 403 403.1875 405.75 405.5625 405.375 405.9375 406.25 406.375 406.25 406.25 406.5625 406.75 407.125 407.375 407.75 407.375 406.25 405.6875 405.6875 405.75 405.5625 405 404.375 404 403.1875 402.0625 400.5625 399.4375 399.1875 398.125 398.3125 398.1875 398 397.8125 397.5 397
