Environ_rasters/b_elev_r.asc
NCOLS 390 
NROWS 330 
XLLCORNER -114.009999948 
YLLCORNER 32.984999373 
CELLSIZE 0.0333760701179487 
NODATA_value -9999 
[rows 232 to 260 of 330, columns 134 to 200 of 390]
258.8125 249.125 244.1875 236.875 231.3125 230.6875 226.375 217.125 215.5 213.0625 211.4375 205.5 208.0625 198.125 193.3125 180.9375 168.5625 160.125 197.25 228.0625 242.5 249.3125 254.875 258.25 261.6875 264.1875 261.4375 265.0625 267 267.5625 265.3125 264.4375 264.375 263.9375 262.375 260.9375 259.625 258.25 256.875 254.0625 252.75 253.4375 251.875 250.75 248.625 246.6875 241.75 236.25 235.125 232.125 227.625 229.0625 228.4375 225.5625 225.5625 223.1875 222.6875 219.9375 215.75 218.1875 223.3125 224.8125 227.9375 226.1875 230.9375 230.0625 227.9375
258.25 249.375 240.625 232.875 228 235.375 216.875 210.8125 211.9375 207.0625 201.9375 204.9375 212.375 210.3125 203.1875 193.1875 168.25 160 175.625 213.5625 238.25 246.875 252.9375 258.75 261.25 261.6875 262.75 265.5 265.9375 267 265.1875 261.625 259.875 260.0625 258.5625 257.4375 256.3125 255 255.4375 254.3125 253.625 253.625 252.5625 250.875 248.8125 246.75 243.4375 240.1875 235.3125 232.25 233.1875 233.125 233.1875 229.6875 225.625 225.125 223.9375 221.625 217.6875 212.625 220.125 221.875 222.25 224.25 229.125 230.25 227.9375
257.5625 249.25 242.3125 235.8125 240.5625 223.6875 212.25 217.1875 214.5 209.4375 206.25 209.75 213.6875 207.4375 187.8125 166.1875 177 164.1875 165.4375 199.5625 224.5 231.75 239.75 254.5 256.6875 259.375 262.3125 262 263.3125 265.5625 265.0625 263.25 262.0625 261.0625 259.4375 260.3125 257.8125 257.6875 252.75 250.5 248.625 248.875 247.5625 246.125 247.4375 246.1875 243.6875 241.4375 238.875 237.0625 237.875 235.5 233.125 230.5 230.5625 228.3125 225.5625 223.0625 224.375 219.5625 215.8125 215.125 218.9375 223.875 226.0625 229.125 226.4375
261.875 253.875 247.125 239 232.625 223.8125 218.4375 215.5625 209.625 215.6875 214.1875 213.5625 213.875 213.4375 201.9375 198.8125 191.25 166.25 163 171.0625 200.3125 214.875 229.6875 240.8125 251 257.375 259 260 261.1875 265 263.5625 261 261.5625 259.25 257.1875 259.75 252.8125 254.125 256.125 255.25 250.25 249.0625 247.75 246.5 244.8125 246.875 245.9375 244.5625 243.25 241.4375 240.5 237.25 235.5625 233 230.5 229.6875 229 228 226.8125 224.1875 220.1875 217.125 217.625 219.5625 221.75 225.0625 227.375
260.1875 251.1875 247 241.625 234.5625 229.9375 232.625 228.8125 224.0625 214.625 211.5 218.25 211.9375 199.8125 187 204.5625 195.1875 173.9375 161.75 161.25 182.125 202.75 216.25 230.0625 243.25 255.0625 259.375 261.8125 263.6875 264.75 263.6875 257.75 255.1875 255.0625 254.6875 259.25 256.0625 250.375 247.875 254.3125 253.9375 252.4375 249.0625 247.375 246.0625 244.5 244.125 245.5625 244.4375 243.1875 241.6875 239.9375 236.3125 235.75 233.9375 231.5 231 229.75 228.6875 227.3125 225.5 221.8125 218.1875 214 215.5 221 221.125
257.0625 246.75 242.5 235.5 229.5 232.9375 230.75 222.1875 214.375 203.6875 207.75 213.0625 208.5625 205.5 204.5 208.6875 201.8125 189.8125 176.9375 167.375 164.9375 193.625 208.625 225.5625 242.625 254.9375 258.25 261.125 263.4375 263.8125 263.375 261.1875 257.75 255.875 257.375 258.0625 256.75 253.3125 251.375 253.375 254.125 253.75 250 249.1875 247.6875 245.5 245.1875 243 241.6875 241.3125 241.9375 240.625 239.25 237.1875 233.9375 229 231.125 232.5625 230.4375 227.1875 225.3125 225.75 222.875 219.1875 215.5625 216.8125 217.9375
256 250.3125 239.8125 234.5 229.3125 229.0625 221.4375 219.25 209.125 202.0625 208.1875 209.75 206.375 213.1875 213.0625 211.5625 207.25 201.625 182.4375 163.875 160.3125 171.8125 200 220.1875 239.8125 253.625 257.875 260.5 261.5625 261.875 262.4375 261.5 258.625 256.9375 255.4375 256.75 255.125 254.875 252.875 250.6875 251.4375 251.625 250.9375 248.75 249.8125 245.25 239.5625 242.375 241.8125 238.875 240.5 240.0625 238.8125 237.125 234.5625 235.3125 234.9375 231.6875 229.25 228.625 229.3125 227.0625 224.3125 220.8125 216.5625 213.875 215.75
256.25 249.75 243.1875 234.8125 230.0625 223.8125 218.6875 213.25 212.75 207.75 203.75 204.75 206.3125 206.5625 213.75 212 209.8125 200.75 188.5 176 160 163.3125 190.9375 210.75 231.5 247.6875 253.6875 256.75 259.125 260.5625 260.9375 258 255 253.5625 252.5 254.9375 253.4375 253.0625 250.375 247.8125 249.1875 249.6875 248.9375 247.1875 248.3125 245.75 243.0625 237.75 244.3125 238.875 238.5 237.625 236.625 235.5 235.6875 237.6875 235.5625 232.625 228.5625 229.75 229.1875 226.125 224.6875 223.875 222.9375 220.5625 220.75
258 251.4375 243.3125 233.25 222.125 214.625 205.9375 203.625 203.5 204.0625 198.8125 197.5625 199.4375 203.4375 212.0625 212.75 205.8125 200.5 200.125 182.4375 166.8125 160.625 174.5 200.875 224.0625 242.1875 251.25 256.3125 258.625 259.4375 259.6875 258.75 255.8125 252.6875 251.75 252.9375 252.1875 250.125 249.5 246.1875 246.3125 247.8125 247.4375 244.625 245.25 245.4375 242.25 240.8125 243.375 243.3125 236.375 232.5625 236.8125 235.4375 236.0625 237.25 237.0625 234.375 233.75 232.4375 231.5 228.625 225.375 226.3125 227.375 227.125 227.5625
255.3125 251.9375 245.3125 232.125 215.5 214.8125 208.625 201.125 197.3125 201.5625 197.0625 194 194 197.1875 210.625 211.875 210.8125 209.4375 203.25 191.1875 176.1875 165.125 164.3125 189.75 208.5 227.9375 248.875 255 258 258 257.75 257 255.9375 253.125 250.375 251.0625 250.375 248.5 248.4375 245.5625 243.875 246.625 246.5625 243.9375 241.375 241.125 241.375 239.625 241 240.875 240.8125 238.375 234.25 227.9375 228.1875 229.0625 231.5625 233.5 233.6875 233.5625 232.1875 231.25 230.4375 228.875 226.5 227.9375 229.875
253.125 249.6875 245.875 231.75 223.5 217.8125 210.125 201.875 196.6875 197.1875 192.6875 195.1875 200.5 201 211.5 214.5625 204.25 206 200.6875 188 178.875 181 170.5 186.125 207.75 227.625 246.5 254.375 256.4375 256.375 254.375 253.5625 253 251.8125 249.625 246.75 247.4375 247 244.8125 246 244.3125 245.0625 245.6875 242.875 240.4375 238.625 236.5625 235.9375 237.4375 237.1875 238.625 236.8125 237.1875 231.0625 222.875 223.1875 223.0625 226.6875 228.6875 229.75 230.3125 231.4375 230.875 230.8125 229.625 230.875 231.625
252.8125 247.3125 242.625 231.875 219.8125 209.75 202.875 196.0625 192.875 192.6875 191.625 201.5 203.25 206.25 218.0625 214.0625 198.125 190.875 191.9375 199.25 198.625 192.75 211.125 215.3125 231.0625 240.5 248.5625 253.1875 254.625 255.125 254.4375 253.625 251.625 249 248.25 243.375 244.625 243.9375 242.9375 243.75 241.5 242.625 243 243.375 240.1875 237 234.1875 230.6875 231.5625 234.8125 236.625 234.5 235.375 234.4375 228.9375 222.1875 216.75 218 220.625 222.875 225.6875 226.8125 227.625 229.25 232.0625 233.25 232.9375
250.625 242.5 229.5 219.6875 217.6875 210.875 201.4375 197.625 197.125 192.1875 195.0625 202.6875 205.1875 204.5625 216.0625 217.75 205 191.1875 193.0625 213.25 219.6875 224.5 227.9375 237.4375 243 247.375 250.3125 252.375 253.4375 253.5 250.1875 250.875 248.375 245.5 246.375 244 240.625 239.9375 242.0625 242 239.5 237.1875 238.4375 240.375 241.375 238 234.875 231.6875 230.375 232 233.5 233.25 232.0625 233.5 232 229 223.75 215.3125 213.4375 217 219.25 221.1875 222.4375 224.3125 227.9375 232.0625 234.1875
239.125 234.6875 227.4375 223.625 217.625 215.4375 209.4375 203.8125 198.6875 193.8125 192.5 203.625 207.75 207.5 220.375 214.25 195.9375 188.875 202.8125 219.5625 231.5625 233.5625 239.125 242.0625 245.5 248.4375 250 251.5625 251.5625 251.5625 250.5625 250 248.4375 245.875 243.5625 241.9375 239.25 238.9375 240.3125 239.4375 237.1875 233.8125 234.5 238.5625 239.625 237.375 237.125 235.3125 231.25 228.25 229.3125 231 229.75 230.75 228.875 229.125 226.8125 222.75 215.75 221.4375 218.875 214.0625 216.75 219.5625 223 227.125 230.75
228.8125 233.25 228.1875 227.375 223.25 217.6875 212.875 205.0625 201.25 195.3125 191.3125 201.5625 209.8125 212.4375 220.75 217.9375 201.5 191.625 209.625 228.8125 235.1875 238.0625 241.5 243.625 245.3125 248.25 249.25 247.8125 242.375 243.0625 246 245.5 242.75 240.0625 238.25 238.875 235.5 236.5625 236.625 237.3125 236.1875 233 236.125 237.75 237.375 236.5 234.6875 234.625 233.5 230.875 228.25 226.5 226.0625 226.75 223.5 223.125 224.4375 227.625 227.5 229.875 229.5 223.375 225.0625 220.8125 217.125 221.5 227.1875
234.375 235.0625 231.8125 230 223.8125 218.4375 213.4375 207.6875 201.125 196.125 192.6875 197.875 212 216.3125 226.375 216.3125 204.875 207.25 207.1875 225.8125 233.5625 238.8125 242.25 244.375 246 246.8125 245.8125 243.3125 238.75 234.1875 235.5 236.6875 233.5625 231.5625 232.75 231.8125 230.4375 230.3125 232.375 233.9375 233.125 231.6875 231.8125 233.875 234.625 234.5625 234.625 231.5625 231.0625 231.25 229.1875 226.3125 221.25 219.5 220.75 225.3125 226.8125 229.25 230.75 232.625 232.875 231.5625 232.25 230.5625 223 224.5625 229.0625
236.3125 233.5 230.4375 226.125 220.8125 216.8125 212.1875 207.0625 203.125 201.125 196.5625 198.875 206.3125 223.5 225.75 220.75 214.8125 212.375 206.4375 217.1875 227.75 232.8125 238.9375 242.4375 244.625 243.5625 241.3125 237.125 230.4375 226.875 227.8125 228.25 222.75 221.6875 217.625 218.9375 222.1875 227.0625 227.75 230.375 230.375 227.5 226.9375 231.125 229.8125 230.25 232.625 230.8125 228.5625 227.625 225.9375 224.375 220.125 219.8125 221.8125 223.0625 225.6875 226.5625 229.6875 231.75 235 235.6875 234.1875 234 235.1875 234.75 238
231.625 229.25 226.25 224.25 219.5625 216.5 212.125 207.5625 205.375 201.8125 199.5625 204.6875 216.125 228 225.625 216.5 217.6875 213.0625 213.25 218.25 223 229.3125 237.3125 240.9375 241.875 234.8125 227.125 220.875 216.6875 216.125 213.5 213.375 212.25 208.875 206.625 204.125 209 218.1875 215.1875 224.125 225.5625 222.25 226.5625 228.8125 228.3125 228.5625 230.125 228.3125 227.8125 225.125 222.125 219.1875 218.125 218.5625 220.875 222.125 224.125 228 230.125 233.5625 235.25 236.6875 237.1875 235.8125 238.625 238.3125 240.5625
225.9375 223 220.8125 219.1875 216.875 214.3125 212.1875 209.5 206.0625 201.8125 202.9375 212.5 223.625 228.5625 226.75 224.25 219.75 217.125 223 225.75 226.75 228.6875 230.125 234.25 234.375 223.75 216.9375 217.1875 218.75 213.5 215.125 219.125 213.375 211.4375 212.5625 206.4375 211.5 203.25 204.4375 203.125 207.6875 206.75 221.6875 223 223.4375 226.375 225.125 226.6875 224 223.125 221.125 221.1875 223.25 222.1875 222.625 224.5625 227.0625 227.3125 230.9375 231.25 232.4375 234.5 235.1875 239.0625 241.0625 241.75 243.6875
227.3125 224.3125 222.5625 220 218.3125 215.625 212.1875 208.5 206.125 202.9375 202.6875 209.75 222.5 230.9375 225.6875 220.375 223 223.5625 229.6875 231 227.875 232.0625 233.9375 229.8125 227.125 211.125 212.0625 221.6875 221.6875 223.4375 223.875 222.75 222.125 220.5 219.75 217.0625 215.9375 213.0625 209.6875 205.875 201.6875 200.625 209.125 215.5 218.875 220.3125 220.75 222 221 217.125 215.75 216.75 221.5625 224.3125 226.9375 228.6875 229.5625 228.3125 230.25 232.6875 234.125 234.375 238.6875 236.8125 237.6875 238.75 239.0625
225.9375 224.625 220.0625 216.0625 215.0625 213.875 210.5 206.625 205.125 204.5625 202.875 204.1875 217.1875 230.0625 227.375 227.4375 227.5625 229.9375 232.75 233.9375 234 235.8125 231.75 226.625 223.375 213.3125 223 228.625 226.625 222.875 215.9375 213.0625 211.125 211.75 214.5 215.6875 214.375 214.75 207.9375 201.25 192.875 198.3125 200 200.25 200.8125 205.625 208.1875 212.6875 211.75 212.625 216.5 219.3125 220.5625 224 224.3125 228 229.8125 231.375 232.9375 234.4375 233.875 234.9375 235.8125 233.125 229.5625 218.875 222.625
231.3125 231.5 223.0625 216.9375 212.8125 208.5 207.1875 206.375 208.6875 209.0625 207.4375 205.25 211.1875 228.375 229.375 233.8125 234.75 230.3125 230.1875 234.1875 237.6875 235.625 231.625 232.25 229.3125 229 232.1875 226.9375 224.375 218.0625 211.9375 210.25 208.6875 208.0625 203.0625 202.625 206.375 207.75 208.0625 203.1875 195.0625 205.125 209.5625 209.4375 206.1875 210.625 203.8125 200.9375 204.5625 210.875 215.5 215.5625 218.125 219.3125 222.375 225.875 228.6875 230.75 232 234.25 233.0625 232.9375 231.8125 226.1875 208.75 198 192.25
236.9375 232.5 226.0625 220.375 215.6875 211.4375 209.4375 209.125 210.75 213.125 211.875 210.5 219.5625 230.375 229.625 232.1875 237.0625 233.625 236.875 232.625 238.375 236.375 236.0625 235.1875 231.5625 231.875 229.75 229.8125 230.4375 228.5625 226.125 223.3125 222.5625 221.75 220.1875 207.5625 194.8125 198.25 202.0625 203 204.5 209.5625 213.625 216.125 217.0625 216.9375 213.1875 202.3125 198.75 205.25 209.25 209.5 210.1875 213.625 219.0625 223.75 227.9375 230.3125 232.25 232.625 231.6875 231.375 224.0625 204.875 191.875 188.0625 187.1875
237.4375 235.0625 227.75 224.8125 219.6875 215.6875 212.9375 211.6875 212.75 215.5 216.3125 223.5 231.0625 229.375 227.8125 233.25 235.1875 236.0625 239.625 239.0625 233.1875 235.6875 233.4375 229.3125 225.75 224.5625 222.75 223.625 225 225.4375 223.5625 223 223.6875 221.9375 220.75 218.8125 207.6875 190.75 189.0625 188.25 193.875 200.4375 209.25 211.8125 217.875 218.4375 214.375 213.25 206.1875 208.3125 211.6875 209.5625 199.1875 202.1875 209.75 219.375 222.875 227 229.375 228.5625 230.125 223.375 197.5 185.6875 185.5625 182.625 185.0625
239.375 238.0625 232.6875 228 222.25 219.5 217 215.5625 215.375 218.3125 218 218 233.8125 226.6875 224.9375 229.8125 239.1875 238 237.5 236.875 232.1875 231.5 228.125 229.0625 222.5 215.6875 211.1875 214.6875 214.0625 212.9375 205.9375 208.5625 214.1875 213.0625 215.0625 217.625 214.0625 207.3125 201.5 193.5 196.125 199.0625 210.5625 212.625 221.0625 216.4375 220.0625 215.9375 205 214.375 218.0625 216.8125 210.0625 194.8125 197.75 208.8125 214.0625 222.375 226.5625 219.25 212.375 208.625 189.5625 181.375 179.375 174.4375 185.375
244 242.5625 236.25 230.875 226.4375 224.8125 219.0625 218.5625 221.5 223.5625 224.0625 222.625 220.1875 225.5625 223.3125 234.75 241.3125 233.25 231 228.8125 227.1875 228.0625 224.0625 221.4375 224.0625 218.75 211.625 205.875 196 200.125 198.625 200.9375 203.25 205.8125 207.75 206.1875 211.5625 213.0625 212.9375 213.75 215.4375 216.25 219 219.625 223.75 223 216.8125 216.875 211.3125 217.5 220.875 221.4375 218.6875 210.4375 194.375 197.625 210.25 213.375 221.9375 207.1875 182.3125 177.0625 173.6875 174.75 168.5 173.875 182.0625
248.25 246.25 241.9375 237.0625 231.25 229.375 224.4375 222.5625 225.875 230.5 233.5 221.375 216.6875 228.375 234.8125 242.625 233.5625 237.125 228.25 221.8125 218.375 217.8125 217.125 216 216.5 215.875 210.6875 203.8125 187.25 191.75 195.3125 188.875 185.4375 193.8125 198.1875 200.0625 201.5625 206.375 210.9375 213.75 217.0625 218.6875 221.5 224.25 225.8125 227.1875 219.875 214.1875 217.4375 214.1875 215.4375 221.6875 223.1875 220.625 213.375 205.125 209.625 206.6875 205.8125 196.125 180.875 173 170.125 171.8125 168.9375 175.75 184.5
248.1875 244.6875 239.5625 235.9375 235.5 232.125 227.5 228.5625 232.25 237.0625 243.25 232.9375 226.8125 234 243.5625 234.3125 234.875 228.9375 231.8125 223.875 220.125 221 217.3125 214.5625 212.6875 212.0625 209.1875 206.1875 199.25 188.625 196 190.75 188.0625 178.9375 182.125 189 197.8125 203.0625 202.125 207.1875 207.25 208.3125 213 214.8125 220.3125 225.375 227.4375 219.0625 222.25 220.375 213.75 218.0625 224.4375 223.4375 219.875 216.25 216.125 204.4375 192.4375 184.3125 179.125 174.5625 173.125 172.5 176.8125 178.6875 187.5
244.75 238.5 240.9375 243.1875 242.4375 238.9375 233.5 236.5625 237.8125 243.875 245.875 239.6875 240.5625 246.0625 244.375 230.4375 223.625 223.6875 222.5625 224.0625 219.8125 217.1875 215.875 215.5 215.5 213.75 214.125 211.4375 211.8125 207.25 202.25 196.8125 193 189.5 187.6875 183.6875 187.9375 193.1875 199.3125 202.25 205.9375 206.25 204.0625 204.625 213.25 222.8125 228.75 227.3125 225.9375 227.0625 226.125 227.4375 224.5 207.875 205.5625 216.25 206.6875 190.5 178.3125 171.75 170.9375 171.875 175.5625 177.625 182.125 185.375 206.375
