Environ_rasters/b_elev_r.asc
NCOLS 390 
NROWS 330 
XLLCORNER -114.009999948 
YLLCORNER 32.984999373 
CELLSIZE 0.0333760701179487 
NODATA_value -9999 
[rows 0 to 28 of 330, columns 67 to 133 of 390]
283.8125 283.375 282.75 282 281.5625 280.4375 278.625 275.375 271.3125 269.6875 268.0625 265.8125 263.625 261.625 259.5625 258.75 255.1875 249.5 246.5625 242.125 236.25 229.6875 224.1875 228.125 219.0625 205 183.25 153.3125 175.1875 153.1875 182.9375 210 225.375 221.4375 217.25 194.5 198.3125 188.4375 174.0625 179.3125 180.5 198.75 204.6875 198.875 194.5625 188.75 174.1875 174.4375 173.25 159.5 151.9375 138.375 122.125 147.625 147.875 147.375 125.125 102.8125 117.25 130.0625 121.4375 157.75 185.125 121.5 115.1875 106.5 123.6875
284.5625 284.5 283.5 282.875 282 279.875 276 272.1875 268.4375 266.875 263.75 263.625 263.9375 260.5625 255.1875 255.125 252.125 250.125 249.3125 244.25 231.875 224.125 216.75 220.6875 211.5 206.75 177.75 150.25 160.625 173.3125 146.9375 171.1875 224.875 228 222.5 206.8125 204.9375 198.5625 199.125 195.875 202.75 199.875 189.75 179.4375 179.1875 181.75 178.75 180.3125 154.9375 135.4375 131.9375 140.4375 127.1875 122.6875 122.125 130.4375 122.0625 120.5 133.4375 154.9375 173.375 181.875 173.625 157 117.4375 101 96.875
285.6875 284.25 283.9375 283.4375 282.0625 280.3125 275.375 272.3125 267 265.75 265 262.9375 258.25 256.1875 256.25 253.3125 252.5 248.9375 249.1875 243.9375 230.125 220.6875 213.3125 207.6875 200.3125 174.5 183.4375 155.5 151 136.75 127.4375 191.375 227.625 227.8125 223.9375 218.625 216.3125 214 211.375 217.125 197.875 183.9375 173 188 183.375 183.75 178 194.375 176.125 176.4375 167.9375 157.9375 142.75 139 148.9375 135.875 124.625 108.625 128.8125 142.5625 184.5 137.4375 149.875 112.3125 113.5625 100.625 116.125
285.125 284.9375 284.125 283.3125 281.25 278.125 273.75 269.625 262.4375 263.375 260.5 257.0625 252.6875 250.5625 246.875 249.75 252 250.625 246.125 241.1875 234.5 223.9375 214.375 202.1875 195.25 182.3125 164.3125 152.625 132.375 153.1875 172.9375 218.4375 228 227.9375 226.875 226.4375 223.375 219.4375 222.9375 220.5625 200.4375 197.0625 185.4375 185.875 197.4375 191.6875 201.375 183.8125 155.5 161.375 168.625 167.0625 178 176.5 150.375 132.875 126.75 117 114.3125 138.1875 170.125 107.25 129.3125 107.4375 135 111.25 119
285.75 284.875 283.5625 281.3125 278.9375 273.625 267.375 260.9375 260.125 258.875 256.875 250.125 240.125 239.5625 244.625 249.0625 251.125 250.6875 247.25 244.0625 240.1875 230.9375 221.75 215.4375 200.8125 189.3125 162.0625 150.125 164.6875 153.3125 181.25 225.1875 227.3125 227.6875 227.3125 223.8125 223.25 225.125 223.1875 217.875 218.875 213.5625 209.5625 215.0625 215.1875 214.5625 207.125 208.3125 181.75 180.875 187.625 176 152.4375 134.3125 125 119.375 132.875 119.375 125.75 152.9375 130.75 124 114.875 101.9375 126.5625 147.5625 121
280.125 279.0625 277.6875 276.4375 275.375 269.25 261.25 254.6875 252.3125 252 250.25 235.1875 220.6875 225.5 239.375 251 252.875 251.75 248.75 246.25 243.375 237.5625 231.25 218.8125 202.5 180.625 154.0625 134.3125 144.25 141.375 180.4375 222.4375 222.3125 227.25 225.4375 224.625 227.3125 228.625 225.3125 221.1875 221.25 219.375 214.6875 209.625 200.9375 191.25 181.625 166.75 144.375 132.125 132 148.1875 160 145.3125 144.9375 127.9375 119.875 115.5625 128.125 126.1875 104.1875 120.6875 120.3125 113.1875 97.875 152.4375 177.0625
275.5625 275 273.375 271.5625 270.6875 264.5 253.5 248.9375 245.4375 246.8125 242.5625 218.25 197.75 213.0625 237.625 249.5625 252.0625 251.8125 250.0625 247.625 244.5625 240.875 236.9375 216.625 189.75 165.25 170 139.25 145.6875 138.5 154.875 223.1875 223.25 223.6875 227.6875 229.625 228.4375 221.25 219.8125 214.8125 207.625 201.5625 193.75 185.25 182.375 175.625 164.4375 148 159.3125 154.75 136.75 129.5625 141.25 137.75 122.875 150.9375 134.875 122.6875 166.1875 145.125 103.75 122.875 148.1875 142.8125 110.6875 122 181.125
277.125 273.3125 270.8125 267.3125 262.9375 252.0625 243.875 244.5 244.5625 245.375 232.1875 209.9375 189.75 213.0625 226 244.875 250.0625 251.8125 250.5625 248.625 245.5 241.375 234.75 213.375 204.1875 193.75 179.3125 136.9375 147.5 130.25 181 227.625 226.5625 228.5625 226.875 224.9375 206.6875 190.1875 186.5 191.25 184.6875 174 180.375 185.3125 174 161.5625 164.875 145.25 149.375 150.6875 144.25 136.5625 143.8125 152.5 124.6875 148 169.5 168.1875 178.25 162.6875 110.125 105.875 135.5 165.625 142.4375 155.5 181.9375
281.875 272.25 267.9375 263.9375 259.375 249.0625 242.375 243.125 241.9375 237.1875 221.6875 209.5625 189.25 210.375 227.875 236 248.3125 251.125 251 249.5 246.8125 243.8125 223.125 187.75 162.625 140.5 173 135.4375 110 138.8125 205.3125 228.5625 230.875 231.1875 224.75 203.9375 198 185.5 175.5625 170.375 174 153.6875 159.1875 180.25 178.5 151.1875 146.375 155.5625 152.375 146.75 147.8125 149.5 157.9375 170.1875 161.125 139.1875 161.125 186.5625 201 175.125 156.5625 129.3125 140.6875 161.5 182.75 163.1875 186.25
283.4375 274.6875 263.625 256 248.25 243.125 246.3125 241.3125 227.375 222 217.375 212.4375 200.25 190.1875 207 224.375 241.375 248.375 251.0625 249.625 245.375 239.875 215.875 192.625 186.75 162 140.1875 145.8125 122.1875 157.5625 219.375 232.3125 235.4375 232 225.5625 211.8125 197.875 180.6875 174.125 166.25 192.125 183.4375 178.8125 168.6875 166.8125 165.625 156.75 164.6875 163.9375 163.5 169.25 150.1875 137.375 170.5 185.5 167.625 171.3125 177.375 197.5625 196.5625 174.875 156.6875 152.875 173.125 189.6875 181.25 193.0625
283.125 281.3125 266.9375 251.3125 243 238.9375 239.6875 233.625 221 218.4375 215.9375 212.4375 198.375 192.625 194.75 207.8125 221.25 247.375 251 249.25 244.125 230.625 198 171.625 155.9375 146.125 144.5 143.25 178.9375 218.9375 233.3125 236.75 225.9375 232.8125 228.875 219.8125 206.75 196.5 197.5 174.8125 185.1875 199.5 191.5 168.25 144.4375 156.4375 153.125 169.625 178.75 182.75 173.875 148.6875 141.6875 157.5 183.625 190.8125 186.75 190.25 193.375 205.5 184.1875 182.3125 176.875 187.0625 193.125 184.0625 181.8125
281.3125 280.8125 280.8125 277.9375 252.5625 255.1875 263.1875 264.9375 253.5 245.4375 238.0625 215.5 191.875 210.4375 214.9375 204.5625 219.4375 246.3125 250.125 248 243.375 213.8125 191.375 183.5 152.125 149.625 162.8125 160.25 196.1875 236.375 239.8125 237.5625 230.25 231.4375 228.5 212.25 193.125 197.1875 204.75 204.8125 208.4375 202.6875 192.625 170.375 155.5 165.4375 178.9375 163 183.125 179.3125 170.0625 156 153.125 159.375 165.5625 176.5 186.1875 192.5625 198.3125 207.5 196.4375 196.1875 194 196.4375 192.375 201.0625 181.9375
277.6875 274.5 269 265.625 268.0625 269.125 267.0625 264.6875 265.625 267.625 241.75 214 213.5625 224.375 224.4375 234 219.4375 237.4375 247.1875 245.375 239.8125 219.125 201.4375 170.375 145.4375 158.875 142.8125 183.8125 237 242.125 240.5 238.5625 232.6875 225.1875 226.625 210.5625 162.1875 150.375 162.5 189.75 204.5 204.0625 199.3125 202.5 194.4375 188.1875 187.5 183.125 189.125 183.625 174.0625 148.0625 149.25 157.25 159.5 164.4375 168.625 181.8125 182.875 192.5625 206.5 207.25 207.125 208 211.5 205.3125 204.875
266.9375 270.5 264.125 258.375 250.125 250.875 259.8125 262.375 258.25 258.0625 262.6875 237.9375 215.125 226.4375 239.1875 233.0625 230.4375 224.0625 218.8125 217 214.75 222.6875 212.625 182.875 171.5625 165 169.625 226.75 244.25 240.4375 241.5 240.3125 239.25 233.875 218.9375 204.5 168.25 123.5 139.125 148.6875 176.6875 185.5625 166.875 180.6875 200.6875 202.1875 203.4375 192.8125 175.4375 180.875 174.9375 172.1875 148.3125 146.4375 143.625 150.4375 160.0625 167.375 168.75 168.875 184.75 201.75 213.375 216.75 217.5625 212.1875 202.125
265.5625 266.4375 263.5 256.125 242.0625 235.0625 245.375 255 255.875 256 265.875 257.625 244.875 237.4375 222.5 214.125 209.125 224.375 213.1875 188.25 191.6875 183.3125 198.375 186.25 158.5625 173.9375 207.9375 241.875 245.1875 236.375 233 242.6875 240.5625 223 195.0625 167 174.4375 165.25 117.4375 126.125 130.375 178 165.5625 165.375 180.6875 185.25 195.625 184.3125 172.25 159.8125 168.8125 174.9375 167.4375 159.375 149.5625 151.125 153.25 146.3125 144.875 145 151.5625 164.8125 179.6875 202.5625 215.75 220.3125 219.8125
267.5 264.625 255.8125 254.0625 242.6875 229.75 238.375 232 245.875 258.9375 268.0625 260.6875 259.8125 250 224.0625 221.375 235.8125 228.3125 199.6875 194.5625 211.8125 195.75 181.8125 185.6875 177.6875 204.125 235.5625 247.5 245.0625 238.875 239.625 219.25 182.625 187.375 164.625 135.875 165.9375 151.0625 123.625 147 151.3125 153.3125 155.625 139.875 146.4375 160.5625 191.75 187.875 172.1875 161.25 149.3125 156.5 169.1875 167.625 155.6875 155.6875 152.3125 148.0625 139.625 127.25 128.8125 138.1875 144.625 178.4375 191.4375 206.75 212.3125
263.4375 265.75 252.625 248.125 242.375 231.25 227.9375 220.6875 233.3125 247.4375 263.6875 264.125 269.5 270.75 265.4375 250 213.3125 192.1875 199.75 214.4375 187.9375 191.375 171.25 195.9375 208.1875 203.4375 228.8125 247.6875 248.6875 241.375 209.6875 210.875 199.5625 180.375 146.0625 152.125 146.125 154.8125 162 133.625 147.375 139.3125 139.9375 131.3125 136.4375 147.0625 150.375 174.5625 184.4375 156.9375 152.25 156.3125 161 159.625 160.1875 160.3125 157.3125 143.6875 124.875 105 119.6875 141.6875 145.8125 146.1875 134.8125 164.3125 188.125
256.125 256.5 256.6875 252.625 246.75 234.75 220.625 213.9375 233.875 243.3125 250.5625 248.0625 260.875 269.8125 272.0625 263.375 222.5625 198.75 220.25 194.125 193.25 162.125 182.8125 172.875 192.75 214.75 225.375 237.25 250.125 250.0625 229.375 205.625 213.125 182.3125 177.6875 140.4375 136.625 142.5 165.75 176.4375 130.8125 132.9375 114.4375 136.375 148.4375 155.3125 158 159.8125 178.6875 153.9375 152.5625 163.625 164.6875 159.4375 154.6875 151.6875 151.125 139.4375 125.0625 112.0625 117.75 119.0625 99.5625 121.3125 129.0625 160.8125 176.25
257.25 246.75 244.9375 245.0625 243.1875 237.75 234 232.125 241.125 248.625 243.1875 221.25 231.5 243.625 254.75 264.875 258.875 226.6875 184.75 160.0625 165.8125 188.6875 214.6875 203.375 197.125 208.8125 210.1875 228.25 239.5625 235.9375 247.375 238.625 213.9375 192 206.5 187.9375 150.4375 137.5625 145.8125 181.125 155.25 125.8125 125 122.4375 115.8125 133.8125 148.125 158.3125 148.8125 162.5 151.5625 164.1875 174.75 180.5625 176.5625 164.6875 149.25 140.5625 119.875 96.6875 110.1875 80.75 77 128 112.125 142.8125 117.3125
257.5625 251.5625 245 237.1875 237.8125 233.4375 233.25 245 249.25 231.875 228.5 228.0625 215.3125 203.0625 214.0625 235.25 263.8125 246.625 218.0625 202.6875 180.8125 224.0625 202.125 184.8125 185.5625 197.3125 211.1875 221.9375 230.0625 209.625 214.25 241.5625 233.5625 218.8125 189.4375 173.3125 175.25 191.0625 184.5625 195.5625 206.4375 165.0625 145.75 128.9375 113.625 127 137.6875 144 148.0625 153.8125 166.6875 179.5 186.1875 187.4375 175.125 182.25 183.25 170.9375 134.875 114.0625 113.5 83.9375 67.4375 99.1875 100.25 113.9375 103
246.9375 242.75 249.0625 238.9375 232.625 231.1875 231.0625 227.625 235.5 241.3125 221.3125 202.375 210.1875 222.3125 198.3125 205.625 232.75 257.75 256 246.875 223.1875 187.4375 185.0625 174.75 168.8125 186.875 204.6875 218.6875 225.375 235.0625 229.6875 237.375 233.5625 226.875 185.125 175.875 200.3125 210.375 220.6875 219.9375 209.4375 190.1875 187.25 180.125 158.6875 121.4375 135 143.5 146 154.5 162.8125 166.875 191.375 182.5625 159.0625 151.25 156.5625 182.75 139 117.75 117.375 91.75 55.625 73.4375 77.6875 88.375 138.4375
244.6875 234.5 232.9375 243.5 233.125 230.75 227.5 221.4375 214.875 224.875 220.9375 203.5625 211.875 229.625 236.4375 233.875 235.9375 230.875 256.4375 259.375 237.1875 201.125 199.0625 196.5 160.6875 167.625 179.25 202.8125 230.875 247.625 222.9375 203.75 225.9375 240.3125 218.3125 217.5 225 228.4375 221.8125 217.625 217.3125 208.1875 202.5 200.5 199.5625 151.25 123.1875 130.625 144.3125 139.1875 152.375 169.5625 193.5625 176.125 169.0625 138.9375 115.875 139.375 178.25 135.375 98.3125 82.8125 69.5 71.5 99.6875 107.875 137.1875
243.5625 235.5625 230 242.25 242.5 240.125 234.5 222.8125 225.4375 222.125 218.4375 221.4375 224.875 218.25 194.5 211.625 231.625 205.4375 234.875 260.3125 248.8125 235.6875 209.1875 189.8125 180.4375 165.125 181.6875 192.875 216.5 233.9375 224.375 185.75 220.375 222.25 190.75 185.875 182.25 209.3125 222.5 227 225.5625 222.625 222.25 217.5 211.1875 193.6875 178.125 168.3125 157 157.0625 157.375 169.25 193.4375 178.9375 168.375 137.5625 105.25 130.5 157 146.3125 110.75 87.3125 68.25 76.5625 97.625 110.8125 113.125
241.125 239.125 235.4375 240.4375 236.25 235.75 242.875 240 235.875 230.75 229.8125 227.875 212.0625 189.625 199.25 180.9375 204.75 206.6875 215.5625 240.8125 261.1875 246.1875 218.125 181.8125 183.1875 200.875 213.9375 218.625 234.25 242.1875 235.375 174.25 195.8125 216.3125 203.9375 163.6875 161.0625 209.375 213.5 211.6875 229.125 224.9375 224.3125 218.25 211.0625 196.75 175.4375 155.75 165.125 174.625 169.5 177.5 193.375 192.75 169.6875 135.8125 104.375 118.75 96.75 121.125 161.375 105.875 77.875 57.0625 89 101.4375 85.4375
238 236.3125 224.25 225.75 238.8125 239.3125 238.25 240.375 237.9375 228 221.8125 222.9375 230.75 227.625 227.1875 221.875 213.375 221.875 242.5625 243 258.75 263 259 228 235.5 222.25 221.9375 225.6875 209.625 214.625 225.5 199.125 175.9375 196.375 203.375 155.4375 172.5625 214.8125 197.25 199.4375 216.25 228.1875 224.1875 217.8125 208.8125 204.4375 190.1875 168.0625 172.125 180.75 185.75 188.125 196.5 197.6875 171.5 142.75 115.125 111.3125 116.0625 104.625 122.0625 132.4375 85.1875 62.5625 81.8125 52.625 86.875
234.0625 233.8125 235.375 234.125 229.125 239.3125 238.5625 239.25 238.625 239.375 232.75 217.75 222.375 231.875 239.9375 239.3125 232.25 236.75 231.0625 202.5 235.5 256 255.6875 245.6875 214.5 221.0625 221.3125 230.6875 214.75 221.0625 217.5625 212.5625 172.25 199.4375 188.6875 154 161.6875 201.8125 202.4375 199.9375 212.0625 222.375 224.6875 218 213.8125 209.9375 201.0625 184.5 185.6875 189.25 197.8125 201.0625 199.875 190.5 173.3125 155.375 135.1875 138.5 128.6875 103.3125 104.1875 102.8125 89.25 68.875 63 78.4375 97.25
228.0625 234.875 234.75 236.875 235.375 234.625 237.875 235.0625 238.3125 239.5625 239.5625 234.8125 218.75 206.625 217.5 230.4375 205.875 208.625 222.375 184.875 223.125 249.6875 258.75 238 201.75 212.5625 202.5625 229.5 207.5625 188.4375 220.9375 220.75 190.125 175.0625 164.9375 160.8125 170.875 191.5 193.8125 204.875 214.3125 216.1875 216.9375 212.125 211.6875 205.625 198.125 193.4375 192.625 194.5 200.6875 199.8125 192.75 191.625 183.25 177.8125 171.75 125.75 121.8125 121.375 124.125 109.875 100.25 88.0625 85.4375 69.75 75.8125
227 231.25 235.8125 236.875 236.625 231.5625 226 227.1875 236.4375 239.625 240 239.5625 222.875 185.375 175.875 206.25 217.0625 197.75 225.875 212.8125 223.625 251.8125 258.9375 247.5 200.125 167.3125 193 219.875 218.1875 187.8125 213.5625 227.375 214.4375 169.3125 159.625 152.875 136.3125 168.3125 197.8125 209.6875 208 209.8125 209.5 208.75 205.3125 189.875 192.375 193.4375 195.5625 193.3125 200.625 199.1875 199.0625 196.0625 194.5 180.6875 177.1875 145.875 150.1875 137.75 137.25 114.625 113.9375 116.625 105.8125 88 78.0625
236.3125 234.1875 235 233.875 238.125 237.4375 225.125 223.0625 237.9375 240 239.875 239.625 232.8125 211.625 199.5625 196.375 211.25 227.8125 230.875 246.25 246.75 257.0625 259.5 251.125 211.625 166.125 198.1875 218.875 232.0625 208.75 201.375 214.1875 204.5 184.5625 169.75 164.5 161.1875 161 191.8125 192.5625 192.625 192.375 189.625 193.0625 196.5625 199.4375 200.125 200.75 201.6875 195.1875 200.875 200.25 199.625 199.625 196.5625 198.125 190.9375 165.25 180 147.125 158.4375 145.125 141.6875 115.5 100.875 107.0625 77.1875
