Environ_rasters/b_elev_r.asc
NCOLS 390 
NROWS 330 
XLLCORNER -114.009999948 
YLLCORNER 32.984999373 
CELLSIZE 0.0333760701179487 
NODATA_value -9999 
[rows 174 to 202 of 330, columns 201 to 267 of 390]
173.375 143.25 133.5625 123.125 115.0625 129.9375 142.875 160.8125 138.25 127.8125 130.8125 124.8125 127.125 145.8125 143.75 135.5625 147.875 150.125 150.6875 146.4375 129.6875 122.0625 130.625 146.1875 158.3125 166.25 159.4375 153.9375 169.3125 176.6875 178 157.25 149.1875 152.625 147.125 145.625 156.625 151.125 155.6875 168.75 186.9375 196.5625 197.875 192.75 179.25 137.9375 116.375 75.6875 65.25 107.6875 148.9375 177.0625 189.6875 193.9375 197.1875 195.5 190.25 190.3125 178.4375 165.5 164.8125 164.125 159.375 144.625 178.5 205.8125 223.25
167.125 134.25 91.375 80.75 89.6875 111.6875 122.8125 153.0625 140.5 137.4375 124.125 120.9375 136.875 134.4375 122.5625 130.5 144.4375 149.4375 149.75 141.1875 132.5625 128 142.3125 149.9375 160.5 170.5625 171.0625 154.9375 172 182.75 179 179.25 161.25 173.4375 171.8125 142.4375 146.625 174 184.75 188.5 195.375 199.375 199.5625 195.5 186.25 161.625 123.375 92.625 75 62.1875 118.75 163.75 183.1875 193 197.125 192.125 188.375 184.1875 174.9375 162 156.6875 158.125 162.5625 166.0625 150.4375 167.3125 196
162 125.875 70.5 58.1875 75.8125 98.5 114.25 142.75 150.8125 121.375 111.9375 126.8125 116.625 102.25 116.25 127.5 130.125 131.125 134 120.4375 114.75 130.375 146.625 162.0625 167.875 172.75 170 171 177.875 173.9375 169 189.5 191.9375 191.3125 189.875 184.625 181.375 189 196 198.4375 200.9375 201.3125 201.25 199 192.625 176.75 131.625 86 69.0625 58.875 92.25 146.0625 180.0625 190.0625 194.375 193.3125 187.0625 176.3125 156.375 154.75 145.875 139.25 143.4375 146.0625 150.8125 152.8125 173.75
158.5 123.75 67.5 73.375 78.3125 102.8125 110.875 134.4375 146.4375 127.0625 108.5 98.9375 101.5625 103.8125 114.125 121.875 108.8125 105.75 114 113.9375 129.375 139.5625 150.8125 162.8125 165.3125 152.125 143.25 147.125 166.1875 163.1875 151.9375 159.4375 192.75 197.25 198.125 199.25 200.9375 201.3125 201.4375 202.3125 202.3125 202.25 202.4375 201.9375 199.4375 192.375 164.5625 106.4375 69.375 62.875 73.75 119.875 161.5625 179.875 188.625 192.25 186.9375 179.125 170.625 164 147 130 112.9375 132.3125 130.625 146.9375 155.8125
151.9375 108.25 76.625 101.625 97.75 127.375 142.1875 143.375 117.125 117.625 74.3125 67.3125 81.8125 98.5625 110.4375 115 119.75 121.3125 125.125 119.75 130.875 141.6875 151.625 154.625 152.8125 142.6875 133.8125 143.625 134.875 146.0625 142.1875 167.375 178.875 183.6875 191.9375 200.6875 201.5 202.125 202.9375 203 203 203 203 202.8125 201.6875 198.5625 188.5 147.125 119.25 88.9375 69.0625 77.125 121 162.4375 181.0625 189.3125 189.3125 183.6875 174.9375 168.0625 159.6875 145.125 119.4375 105.9375 120.8125 141.25 154.9375
136.25 95.5625 71.625 108 117.5625 111.375 113.9375 114.1875 109.375 96.4375 91 41.375 67.4375 90.5 105.0625 85.125 105.625 128.9375 133.4375 136.8125 119.75 126.6875 139 127.5625 127.375 118.0625 127.125 127.6875 118.6875 123.625 127.6875 159.1875 170.375 190.375 198.75 201.8125 202.1875 202.8125 203 203.1875 203.625 203.75 203.8125 203.5 202.8125 201.6875 199.625 193.5625 164.3125 115.3125 73.625 56.375 88.4375 128.0625 163 181.125 185.5 185 178.5625 170.125 159 145.5625 129.4375 114.25 110 96.875 120.875
140.75 114.6875 85.375 94.75 111.5625 84.875 78.25 73.9375 97.375 62.1875 84.0625 49.9375 56.1875 76.3125 79.125 87.5625 106.375 118.6875 119.625 129.25 115.5 100.6875 110.75 115.25 112.3125 111.4375 128.1875 134.75 129.375 114 149.1875 168.5625 179.625 195 201.125 202.5625 203 203 203.5 204 204 204 204 204 203.5 202.4375 201.1875 199.25 189.75 155.5 88.1875 49.625 55.875 88.625 142.3125 173.1875 179.375 180.125 179.625 173.25 162.0625 152.25 142.6875 136.9375 111.3125 102.125 123.625
134.125 84.4375 80.75 101.125 101.9375 63.5625 55.5625 61.4375 65.625 62.375 65.5625 58.75 66.3125 51.8125 61.375 90.8125 101.375 85.5 120.1875 115.0625 99.8125 74.8125 89.9375 112.0625 123.75 121.25 138.5 144.8125 133.3125 145 163.3125 180.9375 191 199.0625 202.5625 203 203.1875 203.875 204 204 204 204 204 204 203.9375 203.3125 202.25 200.6875 197.25 177.6875 119.6875 72.4375 61.875 77.375 120.3125 161.25 168.6875 172.3125 174.375 172.6875 163.875 156.0625 158.9375 147.6875 130.6875 109.25 97.6875
88.6875 79.5625 79 100.4375 101.625 69.375 69.75 66.875 90.8125 82 88.125 87.25 96.25 53.625 58.1875 67.25 78.9375 96.1875 103.125 95.625 67.625 72.1875 85.1875 88.25 115.0625 142.5625 150.3125 158 131.5 150.4375 173.875 178.4375 194.625 200.1875 202.5 203 203.4375 204 204 204 204 204 204.4375 204.625 204.1875 204 203 201.625 199.625 192.4375 147.9375 109.75 73.5625 73.0625 103 133.1875 155.1875 166.0625 173.375 175.5 159.6875 160.8125 171.125 172.6875 160.1875 131.875 109.75
69.0625 100.25 106.3125 113.75 118.4375 92.25 81.1875 59.9375 92.25 110.75 107.25 122.125 93.625 83.875 90 86 70.8125 74.25 73.3125 77.0625 69.6875 93.375 108.3125 98.6875 112.25 132.25 141.3125 152.25 159.25 161 170.875 187.375 197.1875 201 202.125 202.9375 203 203.625 204 204 204 204.1875 204.875 205 204.6875 204.0625 203.375 202.125 200.1875 197.5 185.125 136.875 86.125 114.625 98.4375 100.3125 148.5 168.25 180.375 182.5625 167.8125 176.1875 186.375 194.125 191.6875 181.125 156.1875
85.5625 110.125 93.3125 107.8125 125.625 110.375 85.625 79.875 96.4375 128.1875 147.125 151 128.25 127.25 116 99.5 91.625 98 82.4375 73.75 96.75 97.25 102.875 124.9375 118.1875 135.6875 153.25 159.5625 165.9375 173.75 183.875 193.4375 197.625 200.75 202 202.1875 202.9375 203.0625 203.875 204 204 204 204.8125 205 205 204.4375 203.6875 202.4375 200.5 198.5625 194.625 182.875 147.875 111.5625 68.8125 107.6875 142.3125 168.3125 185.75 195.8125 183.9375 176.8125 196.0625 200.75 206.0625 201.875 193.5625
103.4375 108.625 111 120.4375 133.25 139.3125 113.375 80.25 95.875 148.375 166.4375 165.625 163.1875 167.25 154.4375 122.875 109.125 96.3125 85.125 79.1875 103.1875 133.25 132.125 141.9375 133.875 138.625 141.6875 155.9375 171.4375 181.875 191.5 196.5 199.1875 200.75 201.375 202 202.3125 203 203.1875 203.9375 204 204 204.125 205 205 204.4375 203.5625 202.375 200.75 199.25 197.75 188.8125 171.5 153.5625 140 135.4375 141 164.875 182.1875 194.125 203.0625 204.5 206.6875 210 212.8125 211.0625 211
89.0625 119.75 120.6875 131.375 143 155.0625 142.25 110.625 121.1875 157.375 126.125 130.5 115 151.75 153.9375 136.5625 114.875 102.8125 107.375 94.625 103 146.9375 161.1875 167.5 157.875 145.5 162.1875 170.1875 177.75 182 191.625 195.5 199.3125 200.1875 201 201.5 202 202.6875 203 203.375 204 204 204 204.6875 205 204.375 203.625 202.6875 201.6875 200.4375 199.1875 193.9375 180.6875 174.75 162.9375 108.8125 141.625 158.6875 172.625 185.6875 198.5625 204.8125 211.6875 216.875 220.75 218.5625 220.0625
112.75 121.5 126.9375 138.5 134.625 134.3125 154.8125 145 151.3125 136.8125 101.1875 110.0625 90.375 143 165.125 139.625 146.3125 133.3125 125.6875 116.1875 118.0625 112.3125 160.0625 175.9375 164.125 165.75 176.75 179.375 180.1875 187.4375 194.8125 198.0625 198.8125 199.8125 200.5 201.0625 201.875 202.125 202.9375 203 203.4375 203.9375 204 204.1875 205 204.8125 204.3125 204 203.0625 202.3125 200.4375 196.3125 184.75 182.25 162.25 121.375 148.625 162.8125 175.125 186.625 195.625 205.75 208.9375 210.9375 218.5625 223.25 227.8125
126.9375 125.0625 125.4375 100.25 94.5 99.8125 128.3125 152.5625 162.0625 149.125 111.6875 98.625 97.6875 132.5 157.3125 121.0625 118.5 162.4375 162.5625 155.3125 156.375 145.125 170.75 179.25 181.125 185.75 186.6875 186.5625 188.6875 194 196.25 197.375 198.25 199.3125 200.0625 201 201.625 202 202.6875 203 203 203.8125 204 204 204.625 205 205 204.875 204.375 203.4375 201.3125 198.375 194.625 185.625 142.5625 129.8125 154.0625 164.375 171.0625 182.75 194.4375 197.375 189 186.8125 209.8125 217.3125 223.0625
81.8125 100.9375 92.8125 94.6875 78.3125 70.625 94.0625 138.375 147 136.1875 96.6875 97.625 108.0625 139.8125 133 100.6875 117.6875 145.9375 163.9375 171 177.6875 179.875 185.25 186.3125 188.625 190.1875 190.125 191.8125 193.3125 195.125 195.9375 197 198.25 199.0625 200 200.875 201.5 202 202.5 203 203 203.75 204 204 204.625 205 205 204.9375 204.75 203.5 201.375 198.6875 194.0625 156.875 91.5 114.9375 148.4375 151.375 155.75 160.5 168.875 174.375 181.1875 158.3125 197.4375 208.25 215.5
71.3125 86.25 81.8125 82.6875 69.625 96.5 124.75 113.625 120.5 119.8125 79.5625 83.0625 113.75 116.9375 105.125 90.8125 109.75 133.5625 164.0625 172.6875 163.6875 160.4375 151.0625 167.875 177.6875 183.5 186.9375 182.0625 186.375 188.5 193.5625 196.75 198.1875 199.0625 200 200.9375 201.4375 202 202.5 203 203 203.6875 204 204 204.5625 205 205 205 204.75 203.5 201.75 198.375 183.75 130.0625 85.25 115.375 131.5 107.625 115.9375 145.25 138.5625 125.0625 159.1875 161.8125 183.3125 194.4375 197.125
93.8125 73.4375 85.9375 73.4375 91.875 93.375 115.25 82.625 109.9375 83.125 84 79.25 108.25 90.5 91.0625 94.5625 122.3125 145.1875 166.375 150.9375 115.5625 125.5 118.25 133.0625 147.375 166.9375 178.5625 172.625 176.1875 177.6875 185.5 193.25 198.125 199.75 200.375 201 201.6875 202 202.5625 203 203.0625 204 204 204 204.75 205 205 205 205 203.9375 202.6875 194.0625 161 96.75 55 77.625 87.125 89.75 112.875 146.375 143.8125 126.875 148.125 150.3125 144.375 164.6875 155.9375
127.8125 100.875 82.75 112.875 120.875 97.0625 86.6875 87.8125 92.875 72.6875 76.6875 87.75 98.0625 71.625 88.8125 114.625 134.375 153 134.3125 147.6875 122.3125 99.6875 83.5 109.8125 140 164.375 152.8125 152.875 163.625 174.125 182.8125 190.75 195.5625 199.4375 200.75 201.1875 202 202.3125 202.875 203 203 204 204 204 204.6875 205 205 205 205 204.5625 203.125 194.3125 150.75 73.6875 53.3125 58.0625 76.25 123.625 136.5625 154.5625 163.8125 156.3125 137.4375 150.625 136.625 154.1875 180.75
148.6875 158.3125 136.125 151.1875 104.625 124.5 102.3125 85.9375 86 80.375 81.0625 94.125 80.4375 84.625 112.75 138.3125 133.75 122 140.75 142.75 116.6875 93.5 93.75 133.1875 149.6875 136.3125 124.75 132.5625 147.9375 166.5 179.8125 186.625 193 198.6875 200.6875 201.375 202 202.0625 202.9375 203 203.6875 204 204 204 204.6875 205 205 205 205.0625 204.5625 203 194.8125 160.25 103.5 78.625 85.625 123.5 145.5625 145.875 160.9375 171.25 161.6875 153.8125 142.125 165.1875 181.3125 196
149.1875 171.875 175.3125 154.125 146.375 129.3125 91.6875 113.1875 74.625 93.1875 123.9375 112.75 85 93.9375 116.8125 118.75 122.375 102.75 131.4375 120.25 112.0625 92.8125 97.5625 128.125 128.0625 105 91.1875 104.3125 138.3125 155.3125 174.125 181.9375 190.125 195.9375 199.875 201.8125 202 202.625 203 203 203.5625 204 204 204.0625 204.875 205 205 205 204.6875 203.75 202.4375 200.125 192.8125 178.8125 168.1875 154.6875 154.4375 162.5625 152.4375 174.5625 174.4375 168.125 162.5625 149.3125 163.1875 181.625 203.125
148.25 174.4375 181.1875 177.1875 175.3125 154.5625 141.0625 90.125 76.875 90.75 106.3125 145.25 89.0625 110.5 103.6875 102.1875 126.8125 112.375 127.3125 99.5 96.5 91.5625 96 98.9375 96.3125 96.6875 61.5 83.375 115 142.875 161.125 172.5 184.6875 194 200 202 202 202.9375 203 203.25 203.9375 204 204 204.625 205 205 205 204.625 204 203.3125 202.125 200.625 198.625 195.125 187.5 175.5625 176.625 177.3125 177.5 176.0625 165.6875 151.4375 140.75 151.125 160.375 165.8125 192.8125
159.5625 167.75 182.0625 192.75 188.9375 176.125 135.1875 90.4375 98.375 115.75 101.125 156.125 168.3125 133.375 108.1875 107.125 119.125 106.9375 93.4375 105.0625 76.625 72.5625 76.5 79.1875 90.875 98.625 80.1875 101.5 122.8125 125.75 127.5 122.5625 167.1875 191.75 199.625 200.8125 201.625 202.375 203 203.5625 204 204 204.5625 205 205 205 205 204.0625 203.3125 202.6875 201.875 200.875 199.6875 197.875 194.5 188.3125 185.3125 184 185.4375 180.875 172.1875 158 135.0625 138.6875 143.8125 165.625 174.8125
170.5625 174.875 185.1875 196.875 187.375 172.5 133.875 127.8125 137.1875 145.75 140.1875 157.3125 185.1875 139.9375 160.4375 166.75 160.4375 125.5625 103.75 80.625 84.6875 77.8125 96.3125 112.6875 125.6875 131.1875 91.9375 102.1875 130.0625 146.125 145.9375 136.6875 167 188.8125 196.5625 198.75 200.5625 201.875 202.875 203.25 204 204 204.75 205 205 205 204.875 204 203 202.3125 201.4375 200.375 199.5625 198.875 197.6875 195.75 191.375 186 184.75 171.5 147.1875 143.1875 142.4375 129.5625 130.0625 124.75 155.1875
180.3125 188.375 179.875 186.8125 189.875 179.75 163.5 163.3125 170.3125 168.5 178.375 172.4375 189.0625 171.3125 170.8125 133.3125 137.75 108.875 76.6875 75.6875 89.625 99.875 116.125 105.25 80.6875 111 139.9375 147.4375 142.1875 151.375 164.625 173.5 179.4375 187 193.4375 196.3125 198.9375 201 202.25 203 203.5625 204 204 205 205 205 204.75 203.75 203.25 200.9375 200.9375 200.75 199.5625 198.125 197.75 196.25 194.0625 181.3125 182.3125 175.6875 158 148.4375 122.4375 113.3125 108.375 138.75 169
175.875 148.125 164 183.375 189.5 188.3125 185.1875 186.8125 193.375 188.5 187.0625 199.4375 178.875 135.625 142.625 132.1875 113.375 105.5 63.4375 82.375 85.625 101.5625 112.3125 116.9375 111.25 108.6875 101.4375 121.9375 123.625 135.125 162.8125 168.875 172.5625 186.5625 190.5625 193.875 197.125 200 201.625 202.625 203.0625 203.9375 204 204.1875 204.875 205 205.5625 204.5625 204 203.125 201.5625 199.625 198.8125 196.875 193.25 194.4375 192.625 188.375 180.0625 165.625 148.25 145.1875 98.4375 91.3125 92.0625 139.0625 146.3125
152.1875 161.4375 160.125 190.8125 189.1875 195.9375 193.875 197.1875 203.6875 205.625 205.125 194.5 171.8125 134.9375 108 112.5 86.3125 93.6875 97.0625 82.0625 94.5625 115.3125 91.4375 109.0625 123.3125 107.125 88.8125 117.8125 131.3125 134.3125 157.125 173.8125 181.375 186.5625 189.875 193.5 196.875 199.5 201.25 202.3125 203 203.4375 204 204 204.5625 205 205.4375 205.625 203.875 202.3125 201.25 199.3125 198.8125 196.9375 193.25 191.625 190.6875 186.75 169.3125 150.375 137 124.375 118.875 95 82.875 112.9375 118.8125
154.25 167.8125 193.5625 179.8125 190.25 199.125 201.9375 201.0625 209.8125 211.75 208.9375 196 185.5625 165.25 145.375 114.5 120.75 137.8125 85.875 83.0625 97.25 80.9375 65.8125 82.875 126.9375 104.4375 104.5625 126.0625 136.625 135.3125 157.375 172.25 180.875 188.8125 192.1875 194.75 197.375 199.5 200.8125 202.0625 202.9375 203 203.375 203.9375 204.0625 202.0625 205.4375 205.875 203.3125 201.625 197 196.9375 198.4375 196.75 194.5625 191.9375 188.25 181.1875 163.125 132.25 122.6875 94.1875 100.9375 94.0625 61.4375 94.5 102.9375
178 182.5625 210.4375 213.75 213 207 206.875 206.4375 213.625 215.0625 207.625 198.6875 185.375 176.1875 147.3125 130.4375 172.875 139.75 86 82.1875 91 76.375 93.9375 87.75 114.8125 127.125 108.0625 128.75 137.5625 136.875 149.9375 168.1875 177.6875 185.25 190.625 191.3125 194.375 198.8125 201.1875 201.9375 202.1875 202.75 202.9375 202.6875 201.5625 196.0625 205.0625 201.8125 190.0625 195 193.4375 192.0625 198 196.875 195 191.0625 187.25 179.25 171.3125 150.75 127.625 102.875 106.8125 91.3125 63.9375 101 125.375
