Environ_rasters/b_mtcm_r.asc
NCOLS 390 
NROWS 330 
XLLCORNER -114.008318537 
YLLCORNER 32.991665327 
CELLSIZE 0.0333547025948718 
NODATA_value -9999 
[rows 180 to 209 of 330, columns 268 to 334 of 390]
218.5 207.5625 199.4375 195.5 187.5 170.5625 164.75 160.5625 158.0625 156.0625 157.625 156.875 156.4375 156.75 157.4375 157.125 157.1875 157.4375 157.3125 158.8125 159.1875 159.75 159.4375 160.125 160.9375 161.625 162 162.25 163.1875 163.75 164 164.375 165.875 166.25 166.75 167.1875 167.75 168.1875 168.5 168.6875 168.5 168.1875 167.5625 166.5625 165.0625 164.6875 163.6875 163.9375 164.125 164.8125 165.4375 166.0625 166.0625 166.375 166.75 167.6875 168.625 169.125 169.5625 170.1875 170.75 171.4375 172.125 172.625 173.3125 173.625 173.8125
233.125 219.3125 201.625 191.875 187.1875 181.1875 163.875 159.375 158.4375 156.875 157.8125 157.4375 156.75 157.4375 156.5 156.9375 156.8125 157.625 157.5 158.4375 158.1875 159.5 159.5625 159.625 160.125 160.75 161.125 161.5 162.75 163.125 163.8125 164 165.375 165.75 165.625 166.25 166.8125 167 167.0625 167.5 167.125 167.1875 166.375 166 164.9375 164.3125 163.75 164.125 164.3125 164.75 165.1875 165 165.3125 165.4375 166.125 167.125 168 168.25 168.8125 169.0625 169.9375 170.4375 170.8125 171.625 171.9375 172.4375 172.875
235.75 232.5 214 196.125 185.625 174 165.8125 162.6875 161.8125 160.0625 158.0625 156 155.0625 154.75 155.0625 155.875 155.5625 157.25 157.4375 157.3125 158.3125 159 159.125 159.3125 159.5625 160.125 161.0625 161.625 161.875 162.625 163.5625 163.75 164.5625 165 165.125 165.625 165.9375 166.25 166.375 166.125 166.4375 166.25 165.375 165.875 164.9375 164.4375 164 164 164.625 164.875 164.4375 164.375 164.5625 164.8125 165.4375 166.4375 167.125 167.125 167.75 168.3125 169 169.25 170 170.6875 170.8125 171.25 171.4375
229 236.625 229.25 205 187.5 175.1875 164.4375 160.875 160.8125 158.5 155.25 153.8125 153.5625 153.9375 155.625 155.25 155.25 156.1875 156.875 157.375 158.9375 158.625 158.375 158.875 159.1875 159.875 160.9375 161.125 161.375 162.0625 162.6875 163 164.1875 164.75 164.75 164.75 164.75 165 165.0625 165.375 165.4375 165.5 165 164.5 164.25 164.375 164.0625 164.1875 164.25 163.5 163.625 163.5 163.75 164.25 165.125 165.4375 165.9375 166.125 166.8125 167.8125 168.125 168.25 169.125 169.25 169.5 169.9375 169.9375
212.5625 226.625 221.1875 202.5 185.625 169 160.25 156.875 155.1875 154.6875 152.3125 152.8125 153.25 154.5625 155.5 155.4375 157.3125 157.375 157.0625 157.125 159.4375 159.125 158.5625 158.25 159.0625 159.75 160.375 160.9375 161.0625 161.6875 162.125 163 163.5 163.375 163.375 163.75 163.8125 164.25 164.5 164.5625 164.6875 164.0625 165 164.375 164 163.6875 164 163.9375 163.25 162.4375 162.5625 163 163.125 163.6875 164.375 164.4375 165.0625 165.375 166.125 166.3125 166.875 167.25 167.6875 168 168.25 168.9375 168.875
199.4375 211.625 218.6875 195.5625 177.75 166.5625 160.5625 156.625 153.75 152.0625 151.9375 154.1875 155.1875 154.25 153.9375 154.625 156.75 157.875 157.625 157.875 159.25 158.9375 158.875 158.4375 158.625 159.4375 160.25 160.375 160.1875 160.8125 161.5 162.375 162.25 162.875 163 163 163.125 163.625 163.875 163.9375 164.0625 164 164.125 163.9375 163.9375 163.125 163.5 162.8125 162.125 162 162 162.125 162.8125 163 163.375 163.625 164.125 164.625 164.875 165.4375 165.8125 166.125 166.5625 166.75 167.0625 167.25 167.6875
190.875 202.1875 198.125 181.6875 171.4375 163.625 157.8125 154.125 151.625 151 150.6875 151.625 153.375 153.0625 152 153.1875 154.8125 157.0625 158.375 158.625 158.875 158.6875 158.6875 158.375 158.375 159 159 159.625 159.0625 160.4375 161.125 161.6875 162.1875 162.9375 163 163 163 163.0625 163.6875 163.6875 164 163.625 163.625 164 163.3125 162.625 162.3125 161.8125 161.75 161.4375 161.1875 162.0625 162.4375 162.875 162.75 162.8125 163.125 163.375 163.875 164.5 164.6875 164.9375 165.1875 165.5625 165.875 166.0625 166.1875
181.9375 187.0625 177.3125 169.625 163.625 159.625 155.5625 152.5625 151.4375 150.3125 149.25 149.375 150.5625 150.25 151.4375 152.125 153.4375 155.25 158.1875 158.3125 157.625 157.875 157.75 157.875 158 158.3125 158.5625 159.125 159.6875 160.75 161.75 161.875 162.25 162.75 162.875 162.6875 162.125 162.8125 163.125 163.875 163.5 163.25 163.125 163 162.3125 161.4375 161.75 160.75 160.8125 160.5625 161.4375 161.75 162.0625 162.125 161.75 162.375 162.4375 162.3125 162.9375 163.5 163.75 163.9375 164 164.6875 164.75 164.75 164.875
183.5 177.375 173.6875 167.8125 165.5 162.25 156.1875 152.875 151.125 148.8125 148.4375 148.1875 148.4375 148.625 150.4375 152.375 154 155.1875 156 156.9375 156.5625 156.375 156.8125 156.75 157.1875 157.6875 158 158.5625 159.5625 160.9375 161.8125 162.125 162.125 162.3125 161.875 161.75 162.125 162.1875 162.875 162.875 163 162.875 161.8125 161.1875 160.875 160.6875 160.3125 160.0625 161.375 160.125 161.1875 161.375 161.4375 160.6875 160.8125 161.375 161.8125 161.3125 161.6875 162.3125 162.4375 162.75 162.875 163.0625 163.3125 163.5 163.8125
188.1875 182.0625 176.0625 172.875 171.9375 166.4375 158.5 151.3125 147.5625 146.375 146.6875 146.75 147.125 148.25 150.8125 153.8125 155.9375 155.375 154.125 154.3125 154.625 154.75 155.0625 155.8125 156.4375 157.1875 157.4375 158.3125 159.3125 160.625 160.875 160.875 161.125 160.9375 161.375 161.625 161.875 162.5 162.875 162.1875 162.25 161.3125 160.8125 160.0625 160.4375 160.5625 160.0625 160.5 160.5625 159.5625 159.6875 160.3125 159.75 160 160.1875 160.3125 160.8125 160.75 160.875 161.1875 161.375 161.4375 161.6875 161.875 162.1875 162.5625 162.75
194.5625 186.625 183.4375 179.625 173.4375 165.75 159.9375 152.4375 147 145.625 145.4375 145.75 146.8125 148.0625 150.1875 153.1875 156.6875 156.0625 153.5 153.75 153.3125 153.75 154 155.125 156.1875 156.5625 157.3125 158.8125 159.625 159.4375 160.625 160.75 161.1875 160.8125 161.1875 161.75 161.75 161.9375 161.6875 161.1875 161.3125 160.6875 160.1875 159.75 159.875 158.9375 159.5625 160.4375 159.625 158.875 159.375 159.5 159.25 159.4375 159.875 159.8125 159.8125 159.875 160.0625 160 160.25 160.4375 160.8125 160.75 161 161.3125 161.5625
202.625 190.0625 186.0625 183.8125 177.375 169.6875 161.5 155.6875 149.3125 146.1875 145.9375 147.9375 147.0625 148.9375 151.25 153.5 153.6875 152.4375 152.3125 152.4375 153 153.5625 153.875 154.4375 155.0625 155.75 157.4375 158.5 158.6875 159.4375 160 160.5625 161.125 160.625 161.4375 161.625 161.1875 160.9375 161.0625 160.875 159.8125 159.25 159.25 159.4375 158.375 159 159.4375 159.875 159.125 158.4375 159.3125 159.25 158.9375 158.9375 158.875 158.75 158.9375 158.9375 159.5 159.4375 159.375 159.6875 159.625 159.8125 160.125 160.3125 160.125
199.3125 191 185.125 179.1875 173.0625 165.875 160.5625 159.125 155.625 149.5 149 150.8125 147.4375 150.4375 153.875 154.875 153.4375 152.4375 152.5 152.6875 153.875 153.3125 153.3125 153.625 154 155.8125 158 158.4375 158.5625 158.625 158.875 159.625 160.3125 160.875 161.3125 160.8125 160.5 160.3125 160.25 161.25 160.875 159 158.0625 158.3125 158.9375 158.875 159.125 159.375 158.5625 158.1875 158.5625 159.625 159 158.6875 157.9375 158 158.1875 158.3125 158.875 158.6875 158.25 158.5 158.5 158.875 158.8125 158.5625 158.4375
197.9375 190.5 183.125 176.1875 172.5625 169.6875 167.4375 165.9375 162.125 158.375 154.9375 151.125 148.6875 150.375 153.3125 154.5625 154.625 155.875 154.0625 153.5 153.3125 153.375 153.125 153.25 153.8125 155.75 156.875 157.25 157.4375 158.1875 158.75 159.125 159.875 159.75 159.5625 159.3125 159 159 159 159.25 159.375 159 156.875 157.3125 158.4375 158.625 158.6875 158.4375 158.25 157.375 158.0625 158.375 159.0625 158.1875 157.8125 157.9375 157.8125 158.25 158.625 157.8125 157.9375 157.875 157.8125 157.375 157.375 157.375 157.25
193.9375 188.1875 182.9375 180.5625 182.125 181.6875 175.6875 172.625 165.9375 165.875 160.0625 153.4375 151.75 151.75 152 151.8125 153.6875 153.875 151.9375 152.125 153.0625 152.8125 152.25 152.75 153.9375 155.0625 156 156.1875 157.3125 158.5625 158.625 158.75 159.5 158.875 158.4375 158.25 158.0625 158.25 157.9375 157.75 156.5625 157.1875 157.375 156.1875 157.4375 158.6875 158.4375 157.9375 157.5 157.4375 157.375 158.5625 158.6875 158.1875 157.6875 158.125 158 158 157.4375 157.125 156.875 156.875 156.3125 156.125 156 156.125 156.375
197.4375 191.5 192.375 195.5625 194 186.5625 182.875 176 171.8125 167.5 162.625 161.8125 154.5625 152 150.9375 150.3125 151.125 150.25 150.375 150.5625 150.5625 151 152.3125 152.875 153.375 154.25 155 156.1875 157.5625 157.8125 157.3125 157.4375 157.25 157.6875 157.125 157.3125 157.625 157 157.25 156.6875 156.4375 157.5 157.0625 155.75 156.1875 159.1875 158.9375 157.5 157.375 157.25 156.8125 157.75 158.125 157.8125 157.4375 157.1875 156.875 156.375 156.875 156.3125 155.6875 155.875 155.375 155.625 155.5 155.3125 155.25
205.3125 200.4375 202.875 208.0625 202.25 196.125 190.1875 181.3125 173.75 170 174.25 170.875 157.375 152.25 151.625 151.6875 150.25 149.4375 149.1875 149.625 150.0625 150.875 151.8125 152 152.6875 153.375 153.8125 154.75 155.75 156.3125 156.4375 156.1875 156.0625 156 155.9375 155.875 156.5625 156.875 156.0625 156.125 157.5625 157.625 156.0625 157.625 156.0625 156.5625 158.625 157.375 157.6875 156.75 156.5 157.4375 157.125 156.8125 156.375 156.625 156.375 155.8125 156.375 155.75 155.4375 154.875 154.375 154.8125 154.375 154.25 153.75
209.875 213.375 215 220 219.6875 210.5 199.375 191.625 183.75 180.1875 176.5 169.375 158.375 152.8125 151.5 150.0625 149.6875 149.5 149.1875 150.4375 151 151.625 151.6875 151.9375 152 152.125 152.9375 153.5625 154.125 154.625 155.125 155.4375 155.1875 155 155.25 155.25 155.375 155.375 155.9375 156.6875 157.25 157.8125 155.75 157.5625 157.875 156.25 158.5 158.0625 158.125 156.8125 155.9375 157 156.875 156.3125 156 156 155.5 155 155.625 155 154.6875 154.3125 154.3125 154 153.25 152.8125 152.6875
221.8125 225.9375 233.375 228.625 228.4375 218.8125 205.375 195.3125 187.3125 178.125 173.0625 166.4375 162.1875 159.625 152.5625 150.5 149.75 149.5 149.4375 150.4375 151.875 152.9375 153 151.75 151.875 152 152.125 153 153.4375 154 154.1875 154.3125 154.5 154.5 154.6875 155 154.875 155.375 155.875 156.5625 156.5 156.1875 155.875 157.0625 157.75 156.75 158 158 157.8125 156.875 157 157 156.3125 155.9375 155.5625 155.3125 154.6875 154.5 154.5 154.5 153.9375 153.75 153.4375 153.0625 152.5625 152 151.625
229.5 231.875 229.25 222.875 214.0625 209.5 203.6875 191.875 183.5 175.8125 171.6875 169.3125 169.4375 164.75 154.375 152.0625 152.75 150.9375 148.5 148.9375 150 151 151.9375 151.8125 151.4375 151.5625 152 152.6875 153.125 153.4375 153.875 153.6875 153.3125 153.1875 153.75 154.0625 154.75 155.3125 155.8125 156.0625 156 155.3125 156.9375 157 157.4375 157.1875 157.0625 157.0625 156.6875 156.4375 156.9375 156.5 156 155.5625 154.875 154.4375 154.1875 153.9375 153.9375 153.9375 153.3125 152.9375 152.5 152.125 151.625 151 150.5625
227.375 229.375 224.25 216.5 209.6875 205.25 198.9375 190.1875 181.875 175.125 173.5 174.625 171.875 164.5 160.25 152.75 150.5 149.125 148.4375 148.875 148.5625 149.6875 150.5 150.9375 151 151 151.5625 152 152.125 152.0625 152.625 153.25 153 153 153.625 153.9375 154.0625 154.6875 155.1875 155.125 155.375 155.0625 156.3125 156.4375 157.0625 156.625 156.5625 156.9375 156.8125 156.1875 156.25 155.75 155.75 155.3125 155 153.9375 153.625 153.1875 153.5 153.125 152.5625 152 151.5625 151.25 151 150.625 150
224.25 220.9375 218.6875 213.375 208.875 204.5 196.1875 191.9375 188.125 184.1875 185.4375 181.0625 175.3125 171.75 166.4375 158.8125 151.8125 149.625 149 148.4375 148.5 149 149.3125 150.125 150.9375 151.1875 151.3125 151.8125 152.875 152.9375 152.3125 152.75 152.5625 153.125 153.0625 154.0625 154.375 154.375 154.8125 155.125 155.1875 154.875 155.75 156.4375 156 156.1875 156.0625 156.25 155.9375 155.75 155.625 155.375 155 155 154.5 153.8125 153.375 153.125 152.9375 152.3125 151.9375 151.375 150.75 150.1875 150 149.625 149.125
222.6875 217.0625 214.3125 210.5625 204.375 200.3125 196.3125 195.125 190 188.4375 183.375 181.5625 181.5 175.3125 171.125 166.1875 166.6875 150.8125 148.6875 148.1875 148.6875 149.5 149.8125 149.9375 150.125 150.5625 151.25 151.625 152.875 152.3125 152.125 152.4375 152.75 152.8125 153.6875 153.8125 154.3125 154.75 155.0625 155.125 154.875 155 155.5 155.6875 155.875 156 155.875 155.8125 155.375 155 155.0625 155.125 154.6875 154.0625 153.1875 152.5 152.0625 152.375 151.875 151.5 150.875 150.3125 149.8125 149.3125 148.9375 148.5 148.4375
223.125 213.375 210.1875 207.4375 202.875 196.125 192.9375 189 189.125 183.0625 179.4375 175.375 173.625 178.1875 172.5625 164.5 157.5625 150.375 148.4375 149.25 149.5 149.875 149.8125 149.9375 150 150.1875 150.5 151.125 152.125 152.0625 152.375 152.875 153 152.9375 153.1875 153.875 154.6875 154.625 154.375 154.375 154.3125 154.9375 155.1875 155.1875 155.8125 155.5625 155.875 155.875 155.125 154.9375 154.5625 154.4375 153.6875 152.75 152.25 151.4375 151.1875 150.875 150.5625 149.9375 149.6875 149.375 149 148.4375 148.25 148 147.8125
221.5625 212.25 210.5 202.375 200.1875 194.3125 193.375 187 181.9375 182.75 177.375 172.6875 167.3125 167.9375 164.75 160.8125 154.3125 149.1875 149.75 151.375 150.375 150 149.8125 149.9375 149.6875 150.25 150.6875 150.5625 151.0625 152 152.1875 152.0625 152.375 152.6875 153.3125 154.375 154.625 154.1875 154.1875 153.75 153.375 154.0625 156.5 156.3125 156.25 155.5625 155.75 155.9375 154.6875 154.0625 153.5 153.3125 155.0625 153.9375 151.75 150.5 150.4375 149.75 149.625 150 149.0625 148.25 148.25 147.875 147.1875 147.25 147.5
219.3125 208.0625 208.375 201.375 194.125 190.75 185.8125 183.1875 178.5 176.75 173.0625 168 163.875 160.6875 159 155 152.625 156.75 159.6875 157 152.9375 151.1875 150.4375 150.6875 150.8125 150.375 150.6875 151 151.75 151.5625 152.125 152.0625 152.6875 152.8125 153.3125 154.0625 154.0625 154 154.125 153.1875 153.6875 159.625 161.75 160.0625 159.4375 157.875 155.9375 154.0625 153.5625 153.625 152.4375 151.8125 152.125 152.375 151.4375 150.1875 149.125 148.75 148.3125 148.1875 148.125 146.875 146.9375 147.5 146.9375 146.75 146.5
217.25 214.6875 214.75 210.4375 203.125 194.375 185.75 182.125 175.625 172.9375 171 165.8125 163.875 160.3125 159.375 160.5625 158.3125 174.5625 190.4375 175.5 158 155.625 153.125 151.625 151 151 151.0625 151.5625 151.6875 152.5 152.3125 152 152.625 153.0625 153.9375 154.3125 154.0625 154.375 154 154 157.5625 158.25 161.0625 159.375 159.0625 157.625 156.6875 156.0625 154.4375 152.6875 152.125 151.6875 150.5 149.625 149.25 148.5625 148.5 147.8125 147.1875 146.6875 146.5625 146.25 146 146.0625 146.0625 145.625 145.5
217.75 214.25 213.875 208.5625 200.625 194.1875 197.1875 189.8125 181.375 186.6875 182.625 176.1875 171.6875 163.25 167.75 174.9375 165.375 181.0625 204.25 199.625 178.5 163.0625 157.5625 152.8125 152.5 152.1875 151.9375 152.75 152.375 152.875 152.8125 152.25 152.9375 153.4375 153.6875 155.0625 154.625 154.1875 154 153.5 153.3125 152.9375 154.5 156.1875 155 155.125 155.0625 155.3125 153.5 152.8125 151.625 150.9375 150.5 150 149.5625 149.125 148.5 147.375 147 146 145.25 144.8125 144.75 145 144.6875 144.5625 144.5625
222.1875 215.375 208.625 210.1875 205.3125 203.625 198.375 189.6875 192.25 192.5625 188.3125 178.0625 172.4375 171.9375 173.1875 180.8125 171.875 184.8125 202.8125 208.375 200.625 193.6875 186.6875 163.375 163.375 157.25 153.9375 153.75 154.125 153.5625 153.25 153.25 153.5 154.0625 154.375 155.25 154.75 154.1875 154 153.4375 152.9375 152.375 151.875 152 151.6875 151.125 151.25 152.4375 151.9375 151.5625 150.5625 150.3125 149.0625 148.0625 146.5625 145.8125 147.1875 146.6875 146.0625 145.375 144.875 144 143.8125 144.125 144 143.6875 143.8125
224.25 220.9375 216.375 217.375 211.25 206.875 201.75 196.625 197.1875 192.375 186.125 179.375 183.8125 182.625 183.125 184.75 185.3125 183.5 198.5625 204.0625 200.9375 198.75 199.0625 192.875 193.375 171.125 158.75 156.625 155.5 154.3125 154.5 154.625 155.1875 155.625 156 157 155.6875 155.125 154.25 153.25 153 152.5625 151.25 151.625 151.0625 150.375 149.375 148.5625 150.375 149.9375 148.375 148 147.9375 147.1875 145.8125 144.5 144.6875 146.5 146 145.375 144.0625 143.0625 142.25 142.875 143.375 142.875 142.9375
