Environ_rasters/b_mtcm_r.asc
NCOLS 390 
NROWS 330 
XLLCORNER -114.008318537 
YLLCORNER 32.991665327 
CELLSIZE 0.0333547025948718 
NODATA_value -9999 
[rows 120 to 149 of 330, columns 134 to 200 of 390]
221.1875 221.375 220.25 221 220.125 217.9375 216.1875 215 213.9375 212.875 213.5625 214.75 213.375 211.375 206.9375 207.0625 212.4375 210.5 210.4375 213.1875 211.5 213.5625 216.75 216.125 214.125 211.9375 211.25 211 211.1875 212.6875 215.1875 217.375 219.5625 221.3125 222.625 223.8125 223.875 223.625 225.8125 224.8125 221.75 221.5625 219.6875 218.0625 217 216 213.625 213.5 210.9375 213.375 212.3125 210.3125 212.375 215.1875 216.9375 216.875 215.25 213.5625 216.4375 222.625 227.875 225.3125 227.25 224.4375 230.25 233.125 239.4375
218.625 218.125 217.375 217.75 218.5 217.1875 216.0625 215 216.0625 216.5 215.125 214.0625 211.0625 207.5 205.375 204.3125 207.8125 211.375 211.4375 209.5625 210.5 213 212.8125 215.4375 213.3125 212.125 210.3125 210.3125 210.75 212 213.5625 215.75 218.125 220.0625 221 221.1875 221.25 223.5 223.125 220.9375 218.625 217.875 217.625 216.4375 216.125 216.375 214.375 213.125 212.25 217.5 216.8125 214.4375 211.875 211.8125 212.875 211.8125 214.25 217.875 217.375 218.4375 227.875 233.0625 231.875 232.6875 230.25 236.1875 239.3125
215.375 215.125 213.6875 215.0625 212.875 213.4375 214.5625 214.1875 213.1875 211.375 210.375 211.5 208.125 206.25 206.6875 204.25 204.25 207.5625 208.4375 207.875 208.875 209.875 210.875 213.0625 212.75 211.9375 210.625 209.9375 210.25 211.0625 212.75 214.9375 216.25 218.3125 218.25 218.75 220.4375 221.8125 219.625 217.25 216.125 216.0625 215.75 215.3125 215.25 215.9375 215.5 213.3125 212.25 215.3125 217 216.0625 214.375 213.1875 217.125 216 216.4375 222.375 226 218.0625 223.875 234.375 236.5625 237.125 237.1875 238.125 237.875
211.625 211.375 210.625 212.625 208.0625 207.875 208.375 208.875 210.375 207.5625 206.375 209.0625 206.5625 203.875 202.75 202 202 204.125 205.375 205.75 205.8125 206.8125 207.75 210.1875 211.75 210.875 209.875 209.375 209.875 210.375 211.4375 212.8125 214.4375 215.5 216.875 217.9375 218.375 219.4375 217.625 215.9375 215.1875 214.8125 215.0625 214.5625 215.125 215.125 216.1875 213.125 213.4375 216.8125 220.0625 219.5 215.75 216 218.625 220.6875 218 223.6875 230.1875 222.625 221.625 233.1875 230.75 232.5 234.875 237.5 233.25
208.5 207.25 206.875 209.25 207 204.4375 204 207.25 206.8125 206.375 204.125 206.125 205.9375 204.0625 202.875 202.625 203 203.375 202.8125 203.75 203.625 204.5 206.3125 208.25 210.3125 209.8125 209.6875 208.625 209.3125 209.5 210.375 211.5 212.875 213.4375 214.8125 215.8125 217.0625 217.1875 217.4375 216.1875 215 214.1875 213.9375 214.375 214.0625 213.5 214.625 212.6875 214.75 217.3125 221.9375 220.375 221.25 220.75 222.75 224.25 221 223.9375 230.375 229.4375 225.75 227.75 228.625 228.375 231.375 234.25 232.0625
204.875 204.3125 203.0625 207.125 206.5625 202.75 202.3125 204.375 203.1875 203.9375 202.5 202.125 203.5625 203.6875 202.375 202.1875 203.3125 203.5 203.0625 203 202.5625 204 205.75 207.1875 206.9375 208.125 208.875 208.5 208.25 209 209.0625 209.9375 210.8125 212.375 212.875 213.9375 214.4375 214.9375 214.9375 214.3125 214.25 213.25 212.8125 212.8125 212.3125 212.375 212.3125 211.5625 215.5 220.75 221.0625 224 225.5625 225.375 225.1875 225.875 226.4375 227.375 229.25 230.9375 232.1875 233.625 236.75 238.875 234.1875 238.5 238.375
202.125 202.75 200.5 203.75 204.9375 203.3125 201.1875 201.625 201 200.75 200.75 199.625 200.4375 200.9375 202.25 202.3125 202.6875 202.0625 202.1875 201.4375 202 202.1875 203.5625 204.5 204.375 205.1875 206.3125 207.25 207.625 208.5 208.875 208.75 209.3125 210 210.75 211.5625 211.6875 211.9375 212.375 212.3125 212.1875 212 211.6875 211.5625 211.375 211.3125 213.1875 212.4375 215.5 218.0625 224.25 223.5 225.875 225.4375 223.6875 222.125 225.8125 228 228.5625 230.125 229.8125 233.9375 237.625 240.4375 238.75 240.875 241.125
200.25 200.1875 199.5 199.8125 201.3125 202.375 200.3125 198.9375 198.4375 198.625 198.0625 197.75 197.8125 198.4375 200.5 200.0625 200.0625 200.25 199.5625 200 200.75 200.9375 202.0625 202.3125 203.75 203.75 204.5 205.125 205.9375 206.5 208.25 208.4375 208.625 208.6875 209.375 209.6875 210.1875 210.5 210.625 210.8125 210.8125 211.1875 211.4375 211.25 212.125 211.4375 212.375 212.1875 215.4375 214.25 221.875 222.1875 222.4375 223.5625 224.5625 218.0625 224.75 224 226.5 228.75 230.5625 235.5 238.0625 241 241.125 242.3125 241.625
201.5 198.625 197.875 197.4375 197.6875 199.8125 199.6875 198.0625 197.25 196.5 196.0625 196 196.1875 196.5625 197.375 198.625 198.125 198 198.25 200.1875 199.375 199.875 200.4375 201 202.75 202.5 204 205.8125 205.5625 207.75 208.8125 208.375 208.875 208.1875 208.75 208.875 209.3125 209.5 210.1875 210.125 210.6875 210.4375 211.875 211.375 213.0625 212.375 211.8125 212.5 215 212.1875 214.625 221.6875 215.625 216.1875 220.9375 215.375 223.1875 222 221.375 222.1875 231.8125 234.0625 238.8125 241.1875 239.375 241.8125 241.5625
198.4375 198 196.875 195.5625 196.375 197.6875 196.8125 196.75 196.8125 195.5 195.0625 194.6875 195.625 195.8125 195.8125 196.125 196.75 196.5 197.5 199.25 198.875 199.6875 199.25 201.1875 202.3125 201.4375 205.4375 207.0625 208 208.625 208.4375 208.5 208.4375 209.375 208.9375 208.9375 209 209.25 210.375 210.8125 210.5625 211 212.5625 212.5625 213.875 213.9375 212.8125 215.5 211 213.125 208.3125 211.1875 209.5625 211.8125 213.6875 210.0625 216.0625 215.5625 211.125 215.875 226.5625 232.5625 237.5 236.875 238.375 241.75 242.8125
195.9375 194.625 194.0625 194 194.5625 194.9375 195.1875 194.125 194.0625 194.25 193.9375 193.8125 194.4375 195.1875 195.6875 195.5625 195.0625 195.625 197.25 201.0625 198.125 200.125 198.125 201.9375 200.1875 201.5625 206.125 206.5 207.0625 206.25 206.625 206.625 206.5 207.4375 208.1875 209.5 209.5625 209.75 211.375 211 211.1875 211.8125 211.5 212 214.25 215.125 215.8125 216.625 216.5 207.0625 209 207.25 203.8125 204.4375 204.4375 204.5 207.625 205.875 208.625 205.25 211.8125 227.625 226.6875 232.1875 235.5625 241.125 241.8125
193.625 193.0625 192.5 192.4375 192.5 192.625 192.8125 193.0625 192.5 192.5625 192.75 192.5625 193.6875 194.9375 196.125 197.0625 196.3125 196.75 197.8125 198.25 199.875 201.6875 199.0625 202.625 202.1875 202.125 204.3125 206.375 204.125 205.0625 204.8125 204.875 205.3125 205.0625 205.0625 207.0625 208.625 211 210.875 210.375 210.1875 208.375 209.5 207.625 211.375 213.0625 214.8125 217.5 220.625 213.375 204.6875 201.4375 202.25 201.9375 204.8125 207.0625 203.9375 202.6875 200.625 200.8125 209.8125 218.1875 207.75 215.6875 230.4375 237.5625 239.25
190.875 191.5 191 190.875 191.0625 191.0625 191 191.0625 191.125 191.5 191.5625 191.4375 192.75 193.1875 195.9375 198.125 199.0625 197.0625 195.1875 193.6875 195.8125 197.375 196.375 196.8125 199.8125 200.5 204.1875 202.4375 205.4375 202.75 200.6875 203.375 202.625 204.75 204.9375 202.6875 205.4375 208.625 210.0625 210.4375 209.5 208.9375 204 205.375 208.125 211.9375 216.875 218.9375 220.75 217.6875 205.8125 199.9375 198.875 198.375 198.0625 199.125 199.875 202.4375 202.6875 199.6875 197.875 200.5625 199.625 206 219.3125 215.875 226.0625
189.75 189.9375 190.0625 189.8125 190 190.1875 190.6875 190.5625 190.5625 190.6875 190.625 190.75 191.5 193.875 196.0625 196.3125 194.5 191.75 190.875 192.5 193 193.75 192.75 193.0625 194.0625 196.6875 200.0625 200.3125 199.25 203.625 200.625 198.6875 202 200.5 202.875 204.6875 199.9375 204.0625 208.25 210.625 210.5 208.0625 201.625 209.125 212.9375 213.4375 214.875 217.1875 212.5625 203.1875 199.1875 197.6875 196.75 196.3125 195.9375 195.5 195.5 195.4375 196.875 196.625 198.875 202.1875 208.5625 205.5625 205 209.1875 201.6875
188.6875 188.625 188.875 189.0625 189.4375 190.1875 190.875 190.1875 190.4375 190.1875 191.0625 191.25 190.625 191.25 191.9375 192.4375 191.0625 188.875 189.1875 189.1875 191.1875 190.6875 190.625 189.8125 190.5 192.125 193.9375 202.6875 198.5625 195.9375 197 195.625 194.625 197.375 195.125 201.4375 198.0625 203.875 205.5 206.3125 210.5625 206.125 197.25 207 209.9375 208.375 204.8125 204.375 196.8125 195.4375 195.125 195.6875 195.75 196.625 195.6875 195 195.5625 195.9375 197.375 203.75 202.625 205.3125 209.5 215.4375 220.5625 226.1875 205.8125
187.9375 188 188 188.1875 188.375 189.25 191 191.4375 191.25 190.8125 191.0625 191.5 190.6875 191.125 189 187.8125 187.4375 186.4375 187.5625 187.375 189.1875 187.5 187.125 186.6875 189.375 193.6875 196.875 195.5625 200.9375 199.1875 198.6875 199.3125 198.3125 196.625 198.0625 193.9375 191.75 200.6875 200.125 199.75 206.1875 204.375 194.25 193.625 195.375 192.875 192.25 192.375 194.375 194.5625 195.0625 200.875 202.3125 199.125 196.625 195.625 196.1875 196.6875 197.5625 206.75 216.25 215.4375 214.8125 222.375 232 226.9375 212.625
186.75 187.0625 187.625 187.9375 188.125 189.0625 190.1875 191.4375 191.5625 191.375 191.75 191.9375 190.3125 187.8125 185.5 185 185.0625 184.1875 184.4375 185.9375 185.0625 185.0625 183.75 185.25 189.8125 187.75 187.625 194.5625 196.5625 196.125 196.5625 195.875 196.0625 192.375 191.1875 190.4375 189.0625 189.4375 192.125 195.0625 207 208.375 199.5625 195.375 188.625 190.3125 194.75 199.6875 201.75 203.75 204.125 210.9375 213.3125 203.125 199 197.1875 198.0625 198.4375 205.1875 209.375 218.1875 225.1875 228 231.375 237.6875 234.5625 216.75
186.3125 186.625 187.1875 188.0625 188.125 189.0625 187.5 186.125 186.8125 185.875 187.9375 187.75 184.75 183.4375 182.375 182.25 182.375 182.25 182 181.75 181.125 181.375 181 183.3125 184.625 183.6875 189.5625 194.75 197.5625 196.3125 192.75 192.5 191.4375 190.25 190.875 193.1875 192.8125 186.5625 185.3125 190.3125 199.8125 200.625 193.8125 187.0625 188.3125 192.6875 201.6875 211.125 219.8125 222.8125 224.5 223.125 214.8125 209.625 203.9375 201.875 201.375 200.3125 210.5 217.25 221.5625 225.1875 234.5 240.1875 241.25 240.75 229.4375
186.8125 187.1875 187.625 186.5 184.5625 184.5 183.375 184.6875 184.25 183 183.3125 182.6875 181.4375 180.875 180.6875 180.5625 181.1875 180.5 179.625 179.375 179.6875 179.6875 178.5 179.3125 178.1875 180.9375 183.0625 184.625 192.3125 194 192.9375 193.8125 195.625 194.25 186.4375 183.5625 183.375 182.4375 181.4375 183.5625 186.375 183.8125 182.8125 185 189.3125 197.1875 214.5625 227 232.4375 234.6875 237.375 232.5 223.375 218.6875 210.75 209.5625 207.8125 204.5625 207.9375 227.875 235.9375 232 232.5 240.6875 239.6875 241.5 238.3125
188.3125 188.3125 186.3125 183.4375 182.125 182.375 181.625 181.875 181.1875 181.3125 180 179.625 179.4375 179.1875 179.125 179.5625 179.25 179.0625 178.625 178.5 178.3125 178.25 177 175.8125 175.3125 176.4375 178.125 180.1875 184.0625 185.3125 189.0625 186.5625 184.25 183.5 184.5 186.4375 184.4375 181.75 179.875 179.25 179.625 181.0625 184.5 186.625 192.75 200.9375 209.375 227.5625 231.5625 230.375 229.5 228.5625 234.1875 225.625 217.125 218.25 212.75 214.875 211.8125 226.75 240.25 239.25 238 243.625 244 241.25 241.375
189.0625 184.5 181.875 180.9375 180.375 180 179.6875 179.25 179.1875 178.5 178 177.875 177.8125 177.75 177.5625 177.25 177.625 177.3125 177.1875 177.3125 177.375 176.4375 175.25 174.3125 173.6875 172.6875 172.3125 174.5625 181.4375 178.5 184.1875 184.6875 185.875 187.3125 187.0625 181.4375 178.25 176.3125 175.125 175 177.375 181 183.5625 189.5 198.3125 212.25 208 209.375 213.8125 212.125 214.375 221.625 224.0625 222.5625 215.3125 217.75 218.375 220.5625 219.0625 220 236.375 242.1875 242.4375 244.4375 245.5 244 240.5
184.0625 184.3125 182.6875 181.4375 179.6875 177.75 177.625 177.625 176.9375 176.625 176.625 176.4375 176.25 176.125 176 175.5625 175.75 176.5 176.3125 176.25 175.75 174.875 173.75 172.8125 172.75 171.5 170.1875 169.125 169.8125 180.9375 182.5 178.9375 176.75 176.5 176.875 175.375 173.625 172.375 172.1875 173.125 176.3125 181.5625 189 194.4375 198.375 195.625 197.625 196.625 196.8125 200.3125 203.125 206.4375 209.3125 211.3125 211.8125 215.5 225.25 227.75 225.6875 226.9375 226.4375 233.9375 236.5625 244.1875 249.625 250 245.3125
182.3125 179.4375 178.75 179.5 177.75 176.5625 176 175.5625 175.4375 175.3125 174.8125 174.9375 174.6875 174.75 174.375 174 173.8125 174.5 174.5 175.0625 174.625 174.25 173.75 172.9375 171.875 170.375 168.25 167.1875 166.3125 168.875 176.5625 180.3125 177.3125 175.5 177.1875 175.9375 174.5625 172.3125 170.4375 174.5625 175.1875 179.625 182.625 185.25 186.125 185.0625 186.125 187.5625 190.75 196.875 203.125 208.8125 210.9375 213.4375 216.1875 220 227.625 229 231.1875 237 233.875 233.1875 238.625 245.8125 251.125 251.625 250.1875
179 178.1875 176.4375 176 175.5 175.25 173.9375 173.8125 173.5 173.4375 173.1875 173.0625 173.0625 173.1875 172.75 171.875 171.5 170.9375 172.4375 171.5625 172.625 172.75 173.1875 172.375 171.1875 169.375 167.25 165.625 164.3125 163.375 164.875 174.25 176.1875 174.625 172.25 173.8125 171.875 171.125 169.5625 173.0625 174.9375 174.5625 177.6875 179.875 181.4375 181.9375 184.9375 187.375 192.625 200 204.875 213.5625 218.375 220.4375 224.0625 226.375 231.5 230 235.625 242.1875 244.625 241.625 241.125 243.8125 252.875 251.4375 246.5625
176.1875 174.5625 174.1875 173.625 173.25 172.4375 172.1875 171.8125 172.0625 171.8125 171.625 171.5625 171 171.375 170.4375 170.375 170.4375 168.9375 170.4375 169.8125 169.5625 171.375 172.4375 171.875 170.5 168.6875 166.8125 164.75 162.5625 161.25 161.25 162.75 173.8125 175.125 172.125 169.25 169.5625 166.3125 168.5625 171.625 174.3125 171.9375 172.8125 175.25 177.875 184.3125 187.5625 193.875 195.875 203.9375 216.75 223.6875 228.375 232.875 234.6875 234.25 235.3125 233 241.3125 246.5 244.5 239.375 236.1875 240.625 250.25 254.75 249.875
175.9375 173.875 172.1875 171.5 170.8125 170.625 170.5 170.125 170.125 170.0625 170.25 169.75 168.9375 169.4375 168.5625 169.125 168.3125 167.3125 165.125 163.125 165 166.75 167.75 169.5625 169.25 167.5 165.6875 163.875 161.6875 159.5 158.625 159.125 163.625 169.125 171 168.0625 161.75 169.25 177.25 183.5 183.75 175.3125 176.5 181.8125 184.5625 190.0625 198.0625 206.5 212.375 226.4375 233.5625 236 234.1875 241.875 243.375 241.9375 241.3125 238.1875 238 239.375 238.5625 232.6875 231.375 231.9375 241.3125 248.375 251.8125
175.125 172.875 171.3125 169.625 168.875 168.875 168.625 168.625 168.4375 168.0625 168.125 168.3125 167.875 168.1875 168.1875 167.125 165.4375 163.5 162.5 161.6875 160.875 161.375 160.5625 160.0625 162.6875 164.9375 164.5625 163.125 161.25 159 157.375 157.625 157.75 158.8125 160.5 160.0625 159.75 169.875 182.1875 193.4375 190.0625 180.8125 187.5625 203.0625 206.25 211.4375 217.0625 229.0625 231.75 234.25 239.4375 240.25 237.1875 241.8125 244.9375 245.375 245.9375 240.875 239.125 237.25 236.1875 234.625 231.875 226.1875 230.9375 235.6875 240.75
169.0625 168.625 168.375 167.5625 167.375 167.25 166.875 167 166.625 166.4375 166.625 166.25 166.3125 166.8125 165.5625 164.25 162.75 162 161.5625 162.6875 164.0625 167.3125 169 162.75 159.625 157.6875 161.1875 161.1875 160.8125 159.3125 158.1875 158 158.0625 158.8125 157.5625 158.5625 160.9375 179.0625 195.5625 216.625 210.5 196.5 199.5 218 227.125 228.5625 232.625 233.1875 237.125 236.625 240.125 241.6875 240.25 242.5625 245.5625 246.3125 244.5 243.25 240.4375 244 237.875 235.375 235.75 230.4375 226.3125 228.375 246.25
166.5625 166.1875 165.75 165.8125 165.25 165.1875 165.0625 165.0625 165.1875 164.875 164.75 164.25 164.4375 164.0625 163.4375 162.25 161.6875 162.6875 162.8125 163.3125 163.8125 166.4375 169.5 169.8125 164.6875 159.9375 157.0625 157.9375 158.4375 159.0625 158.75 158.4375 158.75 157.9375 157.0625 158.25 162.4375 178.125 209.625 222.6875 225.4375 223.25 227.4375 228.5625 233.625 236.625 237.25 237.125 238.125 237.6875 237.5 240.6875 242.1875 244.625 245.6875 246.75 247.6875 244.9375 239.25 239.625 240.25 234.375 231.9375 226.6875 231.5625 228.5 245.75
164.75 164.375 164.375 163.8125 163.875 163.5625 163.5625 163.25 163.3125 163.1875 163.1875 162.75 162.6875 162.25 162.5 162.25 162.5 162.0625 164.3125 165.875 166.25 167.0625 168.625 169.75 170.125 168.375 161.1875 156.5 155.75 156.8125 157.5625 157.8125 157.9375 157.375 157.5625 158.25 161.0625 167.75 186.5 211.625 225.1875 228.125 230.8125 233.0625 235.625 235 231.625 231.1875 230.125 234.625 229 230.75 239.625 243.0625 240.75 243.5 248.375 248.125 243.5 233.5625 226.1875 238.125 245.9375 241 229.75 226.6875 242.9375
