Environ_rasters/b_mtcm_r.asc
NCOLS 390 
NROWS 330 
XLLCORNER -114.008318537 
YLLCORNER 32.991665327 
CELLSIZE 0.0333547025948718 
NODATA_value -9999 
[rows 270 to 299 of 330, columns 67 to 133 of 390]
123.5 128.4375 140 144.9375 145.5625 151.25 152.5625 155.1875 153.5 150.4375 150.75 150.5 150.75 150.6875 144.9375 138.75 137.75 134.75 133.3125 131.5625 130.6875 130.6875 131.4375 131.125 130.3125 129.625 129.9375 129.6875 129.625 130.3125 130.8125 130.875 130.5 130.0625 129.9375 130.625 131.125 132.5 133.1875 133.125 133 133.125 133.6875 134.5625 135.0625 134.75 134.75 134.25 134.0625 134.875 134.875 134.875 134.5625 133.75 133.375 133.1875 133.5 133.625 133.9375 133.9375 134.0625 134.875 135.8125 136.5625 137.5625 138.5625 141.1875
111.5625 127.8125 133.6875 134.5625 139.25 145.5 151.875 157.6875 152.8125 148.25 150.1875 150.5 150.9375 149.3125 147.5625 139.6875 136.5625 135.0625 134.375 132.3125 131.5625 131.375 132.125 132.0625 131.125 130.5 130.8125 131.0625 131.4375 131.625 131.75 131.6875 132.1875 131.625 131.5 131.75 131.4375 131.4375 131.625 131.75 132 132.8125 132.6875 133.1875 133.75 134.375 134.8125 134.125 134.6875 134.875 134.0625 133.875 133.3125 133 133 132.9375 133.0625 133.25 133.125 134.25 134.8125 135.0625 135.6875 137.125 138 139.5625 142.75
120.5625 104.8125 122.25 128.875 137.3125 143.75 147.0625 152.4375 152.3125 147.8125 150.25 150.75 149.9375 148.6875 147.625 143.875 137.25 135.625 134.3125 133 131.5625 131.6875 132.5 132.5625 134.625 131.875 131.5 131.625 132.25 132.125 132.125 132.8125 132.9375 133.625 133.5 133.5625 132.9375 132.5 132.4375 133.4375 132.75 133.125 133.75 133.1875 133.5 133.875 134.875 133.9375 134.5 134.4375 133.5625 133 133.0625 133.4375 133.5625 133.6875 134.375 134.3125 133.5 133.9375 134.9375 136.1875 137.625 138.75 140 141.375 142
87.375 91.625 122.8125 128.625 130.25 136.25 142.625 149.375 151.125 150.8125 153.8125 152.125 149.9375 148.5625 147.4375 144.6875 138.3125 136.4375 134.75 133.625 133.1875 133.125 133.375 136.625 140.125 134.1875 132.375 133.25 133.375 133.1875 133.5 133.0625 133.9375 134.625 134.75 134.375 134.0625 133.5 133.1875 134.125 134.1875 134.375 134.4375 134.375 134.5625 134.3125 134 134.0625 134.5 133.6875 133.6875 134.0625 134.1875 134.4375 134.8125 135 135.6875 136.375 135.125 135.3125 135.5 136.125 137.5625 138.625 139.5 140.0625 141
84.5 107.875 117.5 120.3125 128.4375 131.375 138.8125 146.125 149.5625 150.625 152.3125 152.875 150.5 148.9375 146.1875 145.5 143.5 140.125 135.375 134.6875 133.9375 133.875 133.75 133.3125 134.25 133.625 139.9375 134.625 134.3125 134.5 134 133.9375 134.75 135.5625 136.0625 136.1875 135.4375 135.625 135.9375 136.375 136.75 136.6875 136.5 136.125 136.125 136.1875 135.875 136.3125 136.0625 135.625 134.5625 133.9375 134.875 134.6875 134.0625 134.25 134.75 135.6875 136 136.25 136.8125 137.1875 137.875 138.3125 137.9375 139 140.125
85.3125 101.8125 96.8125 109.6875 121.5625 130.8125 135.875 143.3125 149.125 151.0625 151.625 155.625 149.0625 145.875 144.75 144 142.9375 140.9375 138.5625 135.875 135.25 135.125 135 134.375 134.375 136.1875 141.4375 135.9375 135.0625 135.5 135.1875 135.4375 135.4375 136.25 137.1875 137.9375 137.3125 137.4375 138 138.75 138.75 138.1875 137.6875 137.875 138.25 137.8125 137.875 137.75 137.4375 136.5 135.125 133.875 133.875 134.1875 134.4375 134.5 135.1875 134.875 136.375 136.1875 137.125 136.625 136.5625 137 137.6875 138.5625 140.25
83.625 87.375 93.5625 100.8125 109.25 121.25 130.25 138.5 147.5 147.8125 150.1875 154.6875 150.125 145.4375 143.4375 142.6875 141.375 141.3125 141.25 138.375 136.9375 136.3125 135.875 136.25 136.0625 137.0625 139.375 136.625 136.8125 136.25 136.5 136.6875 136.8125 137.1875 138.125 138.5625 139.4375 139.4375 139.75 141.3125 140.5625 139.875 139.9375 139.5625 139.75 138.875 138.75 138.875 138.25 136.625 135.75 134.625 133.6875 135.0625 134.875 134.125 133.5625 133.875 134.9375 135 135.5 135.5 136.25 137.625 137.875 138.75 140.0625
83.8125 88.25 93.6875 99.0625 108.3125 118.125 125.0625 131.6875 140.0625 144.625 148.875 148.5 147.1875 146.25 143.9375 142.4375 139.625 140.875 140.4375 138.9375 137.5 137.1875 137.1875 137.3125 137.375 137.9375 138.375 138.5625 138.1875 138 138.125 138 138.8125 139.0625 139.5 139.5 140.1875 141.8125 141.5625 142.75 141.9375 141.75 141.9375 141.75 140.9375 140.5625 140.125 139.9375 138.0625 137.625 136.8125 135.5 134.1875 134.375 134.5625 134.0625 133.4375 133.8125 134.125 134.625 134.75 137.125 138.5 137.3125 137.25 138 139.5625
83.875 86.3125 90.1875 97.9375 109 120.0625 123.8125 128.625 134.0625 138.625 142.5 144.875 142.125 141.375 143 142.8125 140.375 140.0625 140.0625 139.3125 138.4375 138.5 137.875 138.3125 138.4375 139.625 139.625 139.3125 139 139.4375 140 140.0625 140.6875 140.375 140.4375 140.625 141.0625 142.4375 143.5625 143.9375 143.1875 143.25 143.625 143.3125 142.5 141.875 141.1875 140.0625 139.3125 138.6875 137.1875 136.6875 135.125 135.375 134.0625 133.9375 133.6875 133.5 134 134.8125 136.5 137.5625 136.75 136.5625 137 138.6875 141
82.75 82.3125 87.8125 93.3125 101.125 113.625 119.125 124.6875 129.125 134.8125 138.875 139 138.8125 139.6875 141.6875 142.5625 141 139.8125 139.875 139.25 140.3125 139.625 139.3125 138.875 140.3125 140.5 140.5625 142.25 141.0625 140.9375 141.25 141.6875 141.9375 141.8125 141.6875 141.625 141.6875 142.5625 144 145.6875 145.375 145 144.8125 145 144 143.0625 142.25 141.5 141.1875 140.625 139.1875 137.1875 135.9375 136.5 136.0625 135.3125 135.25 133.75 134.9375 136 136.1875 136.125 135.75 136.125 136.9375 138.625 139.0625
83.375 82.4375 86.75 98.125 103.625 115.375 122.5 123.1875 129.875 134.125 139.4375 138.3125 137.125 139.5625 139.8125 139.1875 139.1875 139.3125 139.625 140.4375 141.5625 141 140 139.875 142.25 142.0625 142.125 141.9375 142.125 142.25 142.75 143.1875 143.125 143.125 143.125 142.6875 142.4375 143 143 143.875 144.625 144.125 145.3125 146.125 145.1875 143.9375 143.6875 143.25 142.25 141.1875 139.875 138.875 137.5625 138.4375 137.5625 136.125 135.5625 135.375 134.5625 135.0625 135.0625 135.875 135.6875 136 136.25 137.25 138.4375
82.6875 82.375 88 101.4375 107.5 112.25 118.375 120.5 123.4375 132.875 135.375 135.1875 135.8125 138.4375 139.5 140.125 139.125 140.0625 140.375 140.375 139.5625 139.8125 140.75 141.375 141.75 143.25 143.0625 143.25 143.4375 143.1875 143.875 144.125 144.5625 144.6875 145.1875 144.1875 143.625 144 143.875 143.875 143.3125 143.0625 143.1875 144.6875 144.6875 144.5625 144.8125 144 142.8125 142.0625 140.8125 139.9375 139.25 140.5625 139.25 138.0625 136.8125 136.9375 135.875 135.75 136 136.1875 137.6875 136.5625 136.0625 136.0625 138.8125
82.0625 82.6875 87.6875 105.5 110.5625 111.625 116 116.125 119.375 128.4375 133.625 133.375 135.4375 137.125 140.6875 142.5625 144 143.6875 140.625 140.3125 142.25 142.4375 142.3125 142.625 143.125 143.4375 144.0625 144.375 144.375 143.75 145.3125 145.4375 146 146.375 146.5625 146.0625 145.875 145.125 145 144.875 144.375 144 143.9375 144.625 145.125 144.0625 145 144.5 143.5 142.75 141.4375 140.75 141.1875 141.6875 140.4375 139.25 138.4375 138.1875 138.25 137 137.4375 136.8125 138.125 138.0625 137.6875 137.75 138.6875
81.8125 82.25 87.3125 97 94.625 109.4375 113.5625 116 123.5 127 129.6875 132.0625 136.1875 136.8125 139.5 139.8125 140.625 140 140.4375 142.3125 143.625 144.125 143.875 143.375 144.4375 144.6875 144.25 145.0625 144.5 145.9375 146.625 146.625 147.625 148.1875 147.9375 147.3125 147.5625 146.8125 146.375 146.1875 145.3125 144.625 144.9375 145.8125 147.3125 144.75 145.125 145.3125 144.3125 143.8125 143 142.125 142.0625 142.0625 141.6875 140.375 140.25 140.0625 139.4375 138.4375 138.125 138.25 138.125 140.0625 139.4375 138.8125 142.125
80.25 81.4375 89.25 95.0625 106.4375 113.3125 117.4375 120.75 126.6875 131.3125 132.375 133.9375 136.4375 139.1875 139.75 140.3125 140 140.75 142.125 143.1875 143.3125 145.3125 145.4375 144.5 146 145.625 145.4375 146.125 144.6875 147.3125 147.6875 147.8125 148.4375 148.625 149.125 148.6875 147.875 148.3125 147.4375 147 146.0625 145.625 145.5625 146.125 146.25 146 144.1875 144.375 143.5625 142.5625 141.8125 141.875 142.8125 142.5 142.8125 141.875 142.625 141.5 140.5 139.8125 139.375 139 139 139.8125 140.5 140.25 143.875
77.625 81.0625 87.625 101.125 112.0625 111.8125 113 114.25 125.25 133.1875 134 137.75 139.25 140.0625 140.3125 141.125 141.125 143.1875 143.6875 144.375 143.6875 146.1875 146.375 145.75 147 146.125 146.8125 146.625 145.1875 147.875 147.9375 148.5625 149.3125 149.125 149.5625 149.5625 149.25 149.625 148.8125 148.25 147.25 146.8125 146.6875 146.25 145.3125 145.3125 144.5625 143.6875 143.4375 142.875 142.0625 141.75 142.25 143.3125 143.875 142.5625 143.1875 144.25 142.625 141.8125 140.8125 141.0625 140.8125 141.9375 142.3125 143.25 145.5
77.1875 82.6875 85.4375 98.5 106.5 109.0625 100.5 108.875 125.3125 132.375 133.3125 140 140.875 141.5625 142 139.875 144.0625 145 145.5 145.1875 144.9375 147.125 146.125 146.875 147.75 147.25 147.5 147.375 146.0625 147.875 148.6875 149.0625 149.75 149.5 149.6875 149.0625 150.75 150 149 148.75 148.0625 147.5 146.5 146.4375 145.9375 144.6875 144.25 143.5 142.9375 142.9375 141.875 141.6875 142.75 143.125 144 144.125 144.6875 146.3125 145.25 144.125 142.125 145 144.8125 144 146 145.625 147.5
75 86.4375 85.8125 85.875 92.9375 93.4375 103.5 117.625 119.6875 122.375 128.6875 127 123.4375 129.625 123.25 123.875 136.625 145 146.5 146.1875 146 147.75 147.375 148.1875 148.375 148.3125 148.375 146.1875 147.8125 149.1875 148.9375 149.8125 149.4375 149.6875 149.375 149.375 150.9375 150.6875 150.5625 150.1875 149.5 148.375 148 146.875 146.25 145.6875 145.125 145.375 143.9375 142.5625 142.5 141.6875 142 142.8125 143.75 143.75 144.5625 146.3125 147.3125 146.9375 146.875 146.625 147 147.25 146.875 146.9375 146.0625
70.75 76.5 83.5625 80.25 92.5 101.3125 109.3125 114.1875 118.8125 109.25 120.875 124.375 111.875 115.5625 115.3125 118.0625 123.625 128.5 136.9375 140.0625 138.125 146.0625 148.875 149.3125 149 148.875 147.8125 148 148.9375 149.6875 149.75 149.6875 149.5 149.75 149.5 149.9375 150.6875 150.75 150.6875 150.5625 149.75 149.6875 149 146.625 146.8125 146.75 145.8125 145.6875 144.4375 142.6875 143.4375 143.0625 142.9375 143.375 144.8125 144.875 145.4375 146.1875 146.875 148.9375 149.125 148.125 147.375 147 147.4375 147.5625 147.5625
78.3125 70.4375 71.25 78.875 87.625 103.25 108 111.0625 115.3125 105.6875 110.375 111.6875 108.8125 113.3125 113.1875 115.3125 117.875 121.3125 125.9375 126.5625 125.5625 137.8125 141.375 144.75 147.9375 148.3125 148.0625 149.3125 149.875 150 149.875 150 149.375 149.125 149.875 149.9375 150.5 150.625 150.875 151 150.1875 150.1875 148.625 147.625 147.1875 147.9375 146.625 146.25 144.5 143.625 143.0625 144.1875 144.5 143.5 144.1875 144.8125 145.625 145.5 146.625 148.25 149.0625 146.8125 147.125 147.625 148.4375 149.4375 149.8125
81.5625 69.9375 67.375 70.5 86.4375 96.625 101 99.5 103.25 101.5625 105.75 106.0625 103.125 104 107.5 113.625 118.75 122.5 123.6875 124.5 121.75 125.5625 129.1875 132.5625 142.4375 145.9375 147.75 148.75 149.375 148.9375 150.75 150 149.3125 149.9375 150.375 149.9375 150.625 151.125 151.0625 151.5 151.4375 150.5 150 148.0625 149.625 147.5 146.1875 146.9375 145.5625 144.3125 143.4375 145.1875 145.625 145.1875 145.0625 144.8125 145.125 146.625 148.3125 149.4375 149.6875 147.625 148.5 148.6875 150.0625 152.5 152.4375
88.25 75.625 63.5625 64.375 77.0625 80.25 87.4375 90.875 89.375 92 97.0625 99 102.875 107.5 109.5 109.6875 111.625 117.4375 117.9375 121.0625 120.8125 124 130.875 133.25 133.3125 135.3125 141.375 147.75 145.25 142.5625 147.125 149 149.875 151.25 150.8125 149.8125 150.25 150.4375 149.25 149.75 150.1875 150.625 149.6875 149.375 150.5 148.8125 147.25 147.9375 145.5 144.375 144.1875 144.75 145.25 145 145.4375 146.3125 147.125 147.5625 148.0625 149.5625 150.625 150.4375 150.3125 149.8125 151.1875 154.3125 154.3125
77.5625 77.4375 61.1875 72.125 78.375 78.375 78.1875 82.5 82.0625 84.8125 88.375 98.625 105.3125 106.625 106.4375 104.4375 107.0625 111.3125 117.6875 118.25 113.3125 116.3125 126.4375 126.25 129.875 132.6875 135.3125 142.1875 143 139.6875 141.8125 142.6875 146.5 148.4375 148.375 146.8125 145.6875 146.6875 146.375 146.75 145.375 147.5 148.4375 149.375 149.5625 148.375 148.125 148.4375 146.75 145.875 145.1875 144.9375 145.125 146.0625 146.9375 147.375 148.6875 149.875 150.5 150.0625 151.875 151.8125 151.625 152.125 154.6875 158.625 156.5
70.3125 65.5625 56.1875 69.5625 86.0625 92.6875 92.75 81.5625 80.0625 80.4375 85.9375 96.375 102.25 105.3125 106.1875 105.875 103.25 107.5625 108 107.3125 107.5 109.625 116.5 122.9375 124.5 133.5 135.25 138.0625 141.375 140.5625 137.25 140.375 144.5 148.25 146.5 145.125 142.3125 141.8125 140.875 142.25 142.625 144.125 145.8125 147.6875 148.75 147.6875 146.125 144.9375 146.125 147.5 146.875 146.6875 145.5 146.4375 149.125 149.5625 149.875 150.8125 153.0625 153.875 155.625 154.375 153.6875 155.625 157.25 158.9375 158.875
59.25 55.5 56.75 67.5625 85.9375 89.375 96.5 105.9375 96.125 87.3125 84.0625 87.75 96.625 102.75 102.9375 99.75 94.875 96.5625 101.75 108.8125 115.125 116.5625 116.625 120.0625 122.875 126.875 130.5 133.4375 136.9375 137.875 135.5625 135.5 136.6875 145.5625 144.25 142.1875 144.5625 137.375 137.6875 135.5 142.8125 139.625 141.75 144.9375 144.8125 147.4375 143.875 142.0625 144 144.9375 144.3125 144.875 145.625 146.3125 148.3125 150 151.0625 152.5 154.1875 155.6875 157.5625 158.0625 158.125 159.25 161.0625 162.3125 163.4375
58 51.375 57.625 69.1875 85.875 92.4375 97.0625 108 114.9375 96.75 81 80.6875 84.0625 90.5 93.125 88.25 88.1875 94.625 100.4375 103.875 111.4375 117.6875 117.25 120.6875 121.5625 122.8125 126.5 130.8125 134.5 135.3125 134.0625 130.875 130.0625 139.0625 143.8125 138.8125 135.5 134.25 136.9375 136.125 137.5625 137.5625 137.125 140.25 140.5 143.25 139.1875 140.4375 139.5625 141.3125 141.0625 142.6875 144.875 146.0625 147.375 151.625 151.375 152.125 154.3125 156.375 159.25 161.5625 164.0625 165.1875 165.6875 167.5625 168.125
56.5 50.875 52.125 60.25 68.75 86.3125 95.8125 96.1875 115.625 104.9375 82 79.125 77.5625 82.5 80.0625 82.1875 98.25 100.1875 105.9375 113.625 100.9375 111.75 115 118 118.4375 118.625 127.1875 127.75 131.1875 131.25 130.375 128.125 129.6875 133.125 137.5625 136.625 131.0625 128.625 128.9375 135.875 133.9375 130.625 135.8125 136 136 138.75 135.75 139.75 136 136.1875 138.6875 140.8125 142.125 144.6875 147.5625 149.25 150.75 152.3125 154.375 156 158.5 161.0625 164.1875 166.25 168.3125 171.9375 171.8125
62.75 47.6875 49.375 54.25 63.375 75.5625 80.1875 89.5 105.6875 112.8125 91.125 76.4375 74.9375 77.8125 76.875 83.75 97.4375 99.5 104.375 113 105.375 106.3125 114.5 117.5625 116.8125 115.75 117.8125 124 126.4375 126.625 124.25 120.75 125.375 130.375 131.3125 131.5625 132.375 124.875 122 127.6875 134.5 135.75 129.125 127.125 131.25 135.1875 134.625 133.5625 138.25 141 140.4375 141.25 142.1875 143.625 145.875 148.5 150.375 151.3125 153.5 154.3125 156.8125 158.6875 162 164.375 167.875 172.5 172.8125
58.25 44.1875 47.75 52.375 60.0625 71.3125 75.125 88.8125 105.625 112.75 86.25 76.625 74.875 74.375 75.125 84.5625 94.125 102.625 105.5 115 108.9375 105.625 112.6875 120.3125 121.4375 117 111.25 122.125 120.625 122.25 119.4375 117.5625 118.5 127.0625 128.3125 126.375 125.6875 123.5 117.8125 120.6875 127.1875 132 136.0625 124.4375 124.25 131.25 129.0625 133.625 135.9375 142.375 144.9375 143.25 143.8125 143.1875 146.125 148.5 148.25 146.625 147.0625 150.6875 154.875 157.8125 160 162.5 166.6875 169.5 170.5625
54.6875 42.4375 45.6875 50.375 57.0625 63.25 71.3125 88.625 109.5 101.875 98.125 87.125 76 73.1875 73.9375 80.125 98.75 110.875 108.375 111.375 107.8125 107.6875 109.4375 115.625 122.5 115.9375 107.5625 113.75 118.0625 120.4375 119.375 112 111.625 120.625 125.5 124.8125 119.8125 117.5 115.375 115.75 120.75 128.0625 133.5 124.9375 118.4375 122.6875 127.0625 129.75 133.1875 139.3125 141.125 139.0625 140.625 144.125 144.9375 142.0625 141.25 144 149.6875 156.125 158.25 160.5625 160.25 162.625 165.875 168.5 169.6875
