Environ_rasters/b_mtcm_r.asc
NCOLS 390 
NROWS 330 
XLLCORNER -114.008318537 
YLLCORNER 32.991665327 
CELLSIZE 0.0333547025948718 
NODATA_value -9999 
[rows 210 to 239 of 330, columns 201 to 267 of 390]
213.5 208.1875 206.9375 213.8125 218.625 218 216.6875 224.25 222.9375 226.0625 225.875 223.125 225 227 227.25 226.375 226.4375 227 226.4375 225.75 225.9375 226.375 226.25 225.75 226.3125 226.6875 227.0625 227.4375 227.5 228 228 228.25 228.875 229.0625 229.1875 229.4375 229.6875 229.1875 229.375 229.4375 229.375 228.9375 228.4375 227.6875 227 227.5625 226.5625 225.0625 223.75 223.75 223.75 224 224.3125 224.75 228.5 228.625 228.875 230.375 232.0625 233.5625 233.375 230.9375 230.75 229.3125 225.6875 222.625 221.9375
210.9375 213.0625 211.4375 212.8125 216.1875 219.125 216.75 218.625 219.3125 219.5 219.6875 221.3125 223.0625 225.75 225.9375 225.625 225.5 225.875 225.25 224.6875 223.8125 224.25 224.6875 225.25 226 226.4375 226.875 226.75 227.4375 227.5 227.1875 227.25 227.6875 227.6875 227.875 228.25 228.375 228 228.4375 227.875 227.75 227.4375 226.75 226.125 225.1875 224.625 224.3125 224.25 229.0625 226.125 222.1875 222.5625 223.0625 226.6875 227.875 227.125 229.0625 230.6875 232.625 234.375 231.375 229.8125 229.6875 228.375 224.25 219.8125 216.875
204.25 206.9375 210.125 211.5625 214.4375 217.375 217 219.5625 220.375 217.8125 218.875 221.25 222.6875 224.1875 225.1875 224.5 224.375 223.875 223.6875 223.4375 223.4375 221.375 221.9375 224.75 225.6875 225.875 226.0625 226.375 226.75 226.6875 226.75 227.25 227.125 227.375 227.5625 227.875 227.4375 227.25 227.375 227.25 226.4375 226.1875 225.25 224.3125 223.4375 222.875 222.125 221.8125 225.25 223.1875 220.5 220.375 221 228.6875 230.625 227.9375 228.8125 230.375 231.3125 233 230.375 228.875 229.1875 228.5 224.1875 220.25 215.5625
202.0625 206.375 208.5625 210.3125 213.0625 216.875 219.4375 220.625 219.375 220.6875 221.375 223.125 223.6875 223.5 224 223.75 223.875 223.3125 222.75 222 221.3125 220.6875 220.875 223.3125 224.625 225.375 225.5 225.75 226.375 226.1875 226.4375 226.3125 226.5 226.875 226.5625 226.6875 226.625 226.3125 227.375 227.125 225.25 224.8125 223.6875 222.625 221.625 221.125 220.5 219.5 218.625 218.375 218.1875 218.1875 220.4375 228.875 230.1875 229.6875 228.1875 228.375 230.9375 231.125 229.3125 228.4375 229.125 227.5625 225.8125 221.0625 217.0625
202 205.5625 207.375 210.1875 212.6875 215.3125 218.8125 220 218.6875 219.75 222.8125 222.5625 222.375 222.875 223.4375 223.9375 223.1875 222.875 222.625 222.0625 221.6875 221 220.5625 222.0625 224.1875 224.625 225.5 225.4375 225.25 225.6875 225.625 225.4375 225.5625 225.125 225.1875 225.3125 225.125 225.625 227.875 226.25 223.6875 223.125 222 220.8125 220.375 219.6875 219.0625 218.4375 216.8125 216.5625 216.375 217.125 221.6875 229.125 230.1875 229.875 229.5 228.625 228.625 228.6875 228.3125 228.5 229 228 226.625 222.6875 217.8125
204.375 209 207.3125 208.875 212.0625 213.6875 216.9375 219.0625 219.0625 220.1875 221.6875 222.4375 222 222.25 222.5 222.875 222.6875 222.3125 222.3125 222.25 221.875 221.375 220.75 220.5625 222.8125 224.3125 224.9375 225.5625 224.8125 224.625 224.75 225.3125 224.4375 224.5625 225.125 224.375 224.125 223.9375 224.0625 223.5 223.375 222.3125 220.3125 218.5625 217.75 217.6875 217.4375 216.6875 214.8125 214.5 215.0625 216.6875 222.4375 229 230.375 230.75 229.25 228.5625 228.5625 227.9375 227.875 227.875 228.875 227.1875 225.125 222.0625 219.5625
205.6875 208.9375 208.5625 208.5 209.625 211.5625 214.125 216.5 219.125 220.0625 220.75 221.3125 221.25 221.9375 222.3125 222 221.9375 221.9375 221.5 221.875 222 221.75 221.25 220.0625 220.75 222.625 223.625 223.875 223.9375 223.875 224.5625 224.6875 224.3125 224 224.6875 224 223.1875 222.1875 221.4375 221.25 221 219.9375 218.3125 217.0625 217.625 220.375 216.6875 215.25 214.0625 213.125 213.375 215.75 223.875 228.8125 230.75 230.125 229.3125 228.375 228.3125 227.8125 227 226.75 226.4375 226.125 223.5 218.75 216.5
205.875 206 204.8125 205.5625 207.6875 210.4375 213.1875 215.9375 217 217.125 218.8125 220.1875 219.6875 221 221.5 221.0625 221.3125 220.9375 221 221.0625 221.3125 221.3125 221 219.875 218.6875 219 221.0625 222.6875 222.6875 223.125 224.0625 224.1875 223.25 222.3125 221.875 222.4375 221.9375 220.8125 219.4375 218.6875 219.875 218.75 217.5 215.4375 217.875 223.6875 218.0625 215.5 214.3125 212.5625 216.3125 214.1875 223.75 227.125 227.4375 227.25 227.375 227.3125 227.5 227.25 226.5625 226.1875 225.8125 225.25 223.5625 220.125 216.3125
198.375 202.5625 204.4375 203.125 205 207.0625 210.1875 211.625 213.3125 216.3125 218.75 218.8125 218.4375 219.125 220.0625 220.1875 220.5625 220.6875 220.5 220.4375 220.1875 220.0625 219.875 218.75 218.0625 218.6875 220.75 221.125 222.625 222.25 222.5625 222.625 222.25 220.75 220 221.0625 221.75 220.5 218.3125 216.625 216.6875 218.75 217.9375 213.8125 213.5 214 212.9375 212.125 211.625 216.875 213.75 211.9375 220.6875 224.6875 225.875 225.5625 225.9375 226 226.5 226.1875 225.9375 225.625 225.625 225.125 224.0625 220.5625 215.875
200.75 203.375 203.875 204 205.25 207.5625 208.75 210.8125 213.0625 215.125 217.5 218.0625 217.3125 218.125 219.1875 219.125 219.3125 219.5 219.8125 219.0625 219.0625 218.5625 217.9375 217.1875 217.6875 220.4375 220.875 220.75 222.375 222.25 220.75 220.5625 221.25 221.0625 219.4375 217.8125 219.3125 219.4375 217.6875 215.5625 214.375 214.6875 214.3125 213.25 212.3125 213.1875 215.9375 210.6875 209.375 210.1875 211 214.8125 222.9375 221.6875 223.8125 226.125 225.9375 225.1875 225.5625 225.4375 225.5625 224.9375 224.625 224.4375 223.5625 219.9375 216.3125
200.125 202.4375 202.75 204.875 205.875 206.8125 208.4375 210.375 212 214.3125 215.3125 216.8125 216.25 216.75 218.625 218.1875 217.625 218.5625 218.5625 217.875 217.4375 217.1875 216.625 216.0625 215.8125 216.25 216.3125 218.0625 220.875 221.9375 220.3125 219.4375 218.25 219.125 220.3125 218.5625 215 215.3125 217.25 214.4375 212.9375 213 211.8125 211.8125 211.1875 210.8125 211.5625 209.25 206.25 209.9375 214.9375 221.25 225.6875 224.125 224.875 227.625 225.875 224.625 224.5 224.5 226.375 224.625 224.5 223.75 223.4375 219.8125 212.9375
196.375 199.4375 201.25 202.25 202.6875 204.6875 207.25 209.5625 211.25 212.125 213.3125 214.5625 214.375 215.1875 217 217.3125 216.8125 217.3125 217 216.1875 215.3125 214.75 214.0625 213.3125 213.1875 212.8125 214.125 217 220.25 221.5 220.75 218.9375 216.0625 215.3125 216.625 215.5 214.1875 213.625 215.3125 213.375 210.625 209.6875 208.5 207.6875 209.125 208 207.5625 205.625 204.5 207.9375 213.375 221.5625 225.3125 225.3125 225 225.5 224.8125 224.0625 223.875 224.5625 226.375 224.4375 223.75 222.6875 222.5625 221.5 217.9375
191.625 195.0625 197.625 199.4375 201 202.5 204.8125 207.0625 208.875 211 212.8125 214.1875 213.6875 214.1875 216.1875 216.4375 215.25 214.875 214.8125 213.875 213.0625 212.3125 211.25 210.5625 210.3125 211.375 213.125 216.5625 220.125 221.0625 219.625 217.875 214.1875 211.3125 211.375 214.1875 214.0625 208.625 210.5625 211.25 208.75 207.1875 206.4375 205.0625 204.875 204.75 203.5625 203.0625 202.4375 206.3125 210.8125 218.4375 222.8125 221.875 222.375 223.4375 225.1875 223.9375 223.375 223.5625 227.3125 227.5625 222 222.3125 221.8125 215.4375 214.125
190.1875 195.125 198.375 200.6875 202.4375 203.8125 205 207.3125 209.125 210.5 212.4375 214.375 212.1875 211.8125 212.9375 212.9375 212.0625 212 212.5625 211.5 211 210.625 209.4375 209.4375 209.5 209.8125 212.5 215.4375 218 217.75 217.5625 216.875 215.25 211.25 204.8125 206.9375 211.0625 209 203.875 208.25 206.4375 204.6875 203.75 203.25 202.75 203.25 200.875 201.0625 200.3125 203.625 206.3125 210.625 216.9375 220.1875 223.125 224 225.875 225.5625 222.9375 222.5 228 229.0625 223.875 221.5 220 211.25 203.75
193.8125 195.1875 196.25 198.125 199.4375 201.1875 203.4375 205.4375 206.875 209.6875 212.4375 213.6875 212.25 210.625 210.3125 210.6875 211.1875 209.75 211.125 210.0625 208.6875 208.3125 207.5625 207.125 206.8125 208.5625 209.125 211.0625 212.375 214.125 214.75 213.5625 213.6875 209.4375 204.625 199.3125 207.125 205.75 198.75 203.1875 202.0625 202.25 201.875 201.25 201.5 201.875 198.8125 198.5625 199.1875 201.1875 204.6875 207.125 210.6875 217.75 220.1875 221.6875 223.1875 222.5625 220.375 221.3125 226.125 225.5625 221.1875 219.9375 218.8125 218 216.9375
188 191.0625 193.75 196.4375 199.25 201.5625 203.875 204.875 206.9375 209.5 211.125 211.9375 212.0625 210.4375 210 212 213.375 209.5625 209 207.3125 205.6875 204.9375 204.1875 203.9375 203.6875 204.875 204.6875 207.4375 210.25 213.875 212.0625 210.1875 211.5 207.9375 201.0625 194.625 198.25 202.0625 195.5 198.875 197.875 198.8125 199.5625 198.3125 198.75 197.8125 197.25 197.125 198.875 201.375 202.875 204.5625 206.8125 217.0625 220.625 219.6875 219.875 219.4375 218.9375 219.1875 222.3125 221.9375 218.125 218.375 218.8125 217.5 215.3125
186.875 192.0625 194.6875 196.9375 200 202.5625 204.0625 205.375 207.6875 209.1875 209.4375 209.625 212.1875 210.75 209.1875 210.4375 212.25 208.875 204.875 207.625 204.9375 203.6875 202.875 202.25 201.25 200.0625 200.5625 203 207.1875 211.5625 208.625 206.25 207.625 204.625 200.625 199.125 195 193.4375 190.5 188.25 189.875 192.5625 196.25 195.625 195.375 196.0625 195.3125 195.6875 198.0625 199.5 200.5 201.5 201.8125 206.75 212.1875 214.3125 217 217.6875 217.4375 218.25 219.9375 219.3125 217.0625 216.875 216.3125 216.25 214.75
190.4375 193.25 195.625 196.875 197.8125 200.5625 202.125 203.25 204.8125 205.875 206.5 207.875 209.25 207.125 204.875 208.4375 207.5625 209.0625 203.8125 207.8125 205.6875 204 203.375 201.5 197.1875 197.9375 200.5 201.1875 205.4375 211.1875 208.5 199.9375 199.25 196.5625 196.375 196.6875 186.4375 182.375 183.3125 184.3125 186.3125 193.125 193 192.6875 193.8125 195.3125 193.5 193.875 195.625 196.875 197.875 198.375 199.625 206.8125 213.875 215.25 215.6875 215.75 215.875 216.25 216.4375 216.375 215.25 215.0625 214.375 213.3125 212.5
190.625 191.5625 192.75 195.3125 198.25 199.125 199 200.375 202.5625 205.25 205.6875 205.75 205.6875 202.125 201.5625 205.1875 204 202.3125 197.75 204.75 205.0625 204.375 203.75 199 191.875 196.375 198.75 202.0625 204.25 204.4375 204.625 196.125 187.4375 188.125 189.5 182.6875 179.0625 176.5 179.1875 181.8125 182.5 189.9375 190.25 189.625 190.6875 190.3125 190.375 191 192.8125 193.3125 194.625 197.25 199.25 205.8125 208.6875 211.4375 212.625 213.0625 213.625 213.875 213.5 213.75 214.75 214 212.5625 211.125 209.9375
186.4375 187.9375 191.875 194.375 195.625 196.3125 196.75 199 200.875 203.0625 205.0625 203.875 203.6875 199.9375 203.25 205.75 207.5625 205.6875 196.5625 191.5 198.1875 203.1875 201.0625 188 189.6875 189.875 195.9375 192.1875 191.9375 198.5 197.0625 189.75 179.75 173.5 176.25 176.6875 173.8125 174.1875 175.75 176.875 178.4375 182.8125 187.375 187 186.625 187.0625 187.875 187 190.5625 193.625 195 197.0625 201.75 208.1875 210.9375 210.4375 212.125 211.625 211.25 212.125 211.0625 211.4375 213.3125 213.1875 211.625 210.6875 208.5625
184.125 186.5625 188.75 190.5625 192.8125 193.75 196.375 198.5 200.1875 201.75 203.5 200.8125 198.6875 198.5625 199.375 205.6875 206.75 207.875 202.75 190.0625 185.625 185.8125 184 181.25 177.875 177.75 179 181.5625 184.1875 182.375 184.1875 179.125 174.5625 168.4375 168.3125 169.75 171.75 172.0625 172.0625 174.0625 176.125 179.1875 184 184.9375 184.75 185.1875 184.5 189 192.6875 195.1875 195.75 197 200.6875 204.875 207.875 209.3125 210.1875 210.6875 210.5625 211.625 207.9375 207.875 209.1875 209.1875 208.5625 206.4375 203.9375
184.625 187.5 190.8125 191.5625 192.5625 195 195.375 196.5 199.1875 201 201 199.625 199 198.5625 200.8125 207.5625 208.1875 208.0625 200.5625 199.4375 198.6875 190.5 178.375 177.25 174.125 172.25 172.5 176.1875 172.0625 174.625 172 169.8125 168 166.5 166.625 167.1875 168.125 168.3125 169.75 171.5 173.5625 176.4375 181.25 182.0625 182.5625 178.875 183.625 194.625 199 202.6875 198.5625 196.6875 197.9375 205.5 206.6875 210.75 210.5625 210.25 212.1875 211.6875 206.6875 203.8125 205.0625 207.4375 206 205.1875 200.1875
185.8125 189.375 191.8125 193.625 193.9375 194.125 195.25 196.5625 197.6875 200.0625 199.875 198.5 198.25 198.375 200.9375 204.0625 208.375 207.4375 206.125 205.625 202.1875 185.375 178 174.4375 172.8125 169.9375 168.875 170.5625 168.125 167.625 165.8125 168.0625 165.9375 164.5625 164.9375 165.4375 166.1875 166.625 167.625 169.25 171.6875 175.125 176.9375 177.6875 177.4375 185.4375 189.0625 195.625 203.25 207.3125 200.375 195.5 197.75 202.5 206.875 208.3125 210.6875 211.5625 209.375 209.6875 207.9375 202.1875 202 207.25 205.625 196.875 195.375
185.6875 188.25 191.0625 192.9375 194.4375 195.375 195.8125 197 196.75 197.8125 199.5 199.1875 202.0625 201.5625 202.625 201.8125 204.25 200.9375 198.8125 198.4375 186.8125 177.4375 174.1875 174.9375 172 169.8125 174.8125 167.625 164.0625 163 162.625 162.3125 162.5 162.875 163.125 164 164.3125 164.75 166.125 168.9375 169.125 168.8125 169.375 171.8125 179.25 184.8125 188.75 189.8125 192.875 196.3125 199.125 196.375 199.6875 202.5 205.75 211.8125 213.75 210.3125 203.0625 203.75 203.9375 197.75 197.0625 201.1875 198.625 186.6875 179.25
184.8125 186.75 189.1875 191.5625 192.9375 193.625 194.6875 195.9375 197.375 196.4375 198.25 200.75 206.5 205.5625 206.875 205.3125 200.875 197.1875 190.0625 187.5625 181.375 176.25 177.9375 186.9375 185.625 171.875 177.3125 178.1875 168.3125 165.6875 162.0625 161.0625 160.8125 160.9375 161.4375 162.0625 162.875 165.125 167.4375 166.875 167.4375 170.6875 170 170.9375 175.1875 181.125 183 184.375 186.125 188.625 190.75 195.8125 201.25 205.625 208.0625 206.3125 207.8125 204 199.4375 200.0625 199.9375 194.5625 190.125 195.5625 194.25 184 176.375
184.0625 185.375 186.625 188.6875 189.8125 191 193.4375 194.6875 195.3125 194.375 196.5 200.125 208.5 210.875 210.5625 210.0625 205 199.375 192.625 184.0625 183.1875 187.375 194.1875 194.125 197.1875 182.0625 184.75 183.4375 174.75 177.9375 172.0625 160.4375 159.4375 159.5625 159.8125 160.625 161.9375 164.625 164.125 163.3125 165.3125 169.125 173.5 176.5625 174.9375 178.3125 182.9375 184.8125 186.625 188.875 192.5 193.1875 195.0625 199 203 200.4375 203.9375 193.875 189.3125 195.1875 199.875 185.6875 184.25 189.8125 188.75 179.5 174.75
184.6875 186.125 187.3125 188.25 189.8125 191.875 192.625 194.625 193.5 192.125 194.25 198.3125 207.1875 211.8125 212.5 211 207.5 202.4375 194.875 196.5 191.125 196.0625 205.3125 201.375 195.5 190.3125 189.5625 188.875 178 178.75 178.9375 160 158.4375 158.375 158.625 159.375 160.875 160.6875 160.9375 162.4375 164.375 166.75 171.25 175.1875 177.3125 178.375 181.8125 184.6875 189.75 190.1875 194.1875 201.625 203.75 196.3125 196.4375 199.625 197.875 186.1875 188.75 192.75 196.75 184.375 177.6875 182.8125 183.75 177.0625 173.8125
185.6875 186.0625 187.4375 189.3125 189.625 191.875 190.8125 192.5625 192.3125 190.25 191.25 195.6875 206.4375 210.8125 210.8125 210.25 207.5 204.6875 200.6875 199.4375 196.5625 203.25 205.75 203.75 199.375 195.5625 197.3125 196.875 183.5 179.4375 183.375 163.5625 156.6875 156.6875 157.375 158.25 158.8125 159.25 160.4375 161.625 164.1875 167.0625 170.4375 175.25 179.0625 181.625 184.5625 187.125 192.3125 195.5625 197.875 202.125 210.6875 204.1875 197.9375 196.75 191.5 185.375 185.8125 190.1875 181.8125 177.0625 175.75 177.125 177.1875 174.625 174.0625
185.6875 186.5 187.5625 188.8125 188.6875 189.625 189 189.3125 190.75 189.75 188.25 190.5 201.75 207.8125 208.375 207.4375 207.125 206 202.4375 202.0625 200.4375 202.5 205.875 203.6875 202.1875 201.875 202 204.3125 191.25 182.1875 175.5625 166 159 156.125 156.1875 157 158.0625 158.6875 159.375 160.8125 164.375 168.0625 170.5625 173.25 177.6875 181.625 185.625 190.25 192.4375 199.4375 203.75 204.6875 212.875 208.125 201.5 195.25 184.75 179.6875 181.375 186.8125 178 174.9375 173.8125 173.1875 172.8125 172.625 171.875
183.375 184.75 185.75 185.3125 184.875 185.9375 187.5 186.1875 189.25 187.1875 183.375 186.25 197.5 204.0625 204.25 203.8125 203.1875 202.8125 201.75 202.125 201.1875 202.5 205.125 205.1875 204 204.9375 205.5625 208.3125 200.8125 190.875 173.6875 167.8125 158.75 156.5 154.875 155.6875 157.5 158.25 158.4375 158.875 159.875 161.5 164.5625 168.4375 174.25 179.25 185 190.5 195 203.375 204.5 206.875 207.9375 211.3125 203.8125 189.75 179.3125 175.5 175.9375 178.6875 174.75 173.4375 171.9375 171.5625 170.625 170.3125 170.1875
