Environ_rasters/b_tr_r.asc
NCOLS 390 
NROWS 330 
XLLCORNER -114.009999948 
YLLCORNER 32.984999373 
CELLSIZE 0.0333760701179487 
NODATA_value -9999 
[rows 192 to 223 of 330, columns 73 to 145 of 390]
296.75 292.8125 287.3125 298.125 299.0625 299.75 299.3125 299.625 298.875 298.1875 296.8125 299.3125 297.75 296.875 295.6875 295.6875 292.375 292.5625 293.375 282.8125 283.625 297.5625 298.9375 297.9375 299.375 299.625 299.25 299.3125 298.5 297.3125 296.25 296.5 296.625 294.875 297.25 296.9375 278.4375 286.5 284.1875 281.0625 290.1875 286.25 286.9375 289.125 295.25 291.1875 297.1875 299.5625 299.25 297.9375 296.625 291.5625 288.8125 291.625 290.125 292.3125 293 294.375 298.125 298.375 298.375 299.5625 299.875 300 299.5 300 299.4375 299 298.1875 296.9375 299.0625 298.375 298.3125
294.375 290.5 284.125 288.9375 298.9375 299.5 299.625 299.625 298.5 297.75 296.5625 298.0625 298.4375 298.5625 295.8125 294.3125 293.75 295.1875 291.5 293.625 286.625 293.6875 299.0625 298.5 299.9375 299.1875 299.1875 299.3125 298.375 297.375 296.0625 298.6875 298.5625 296.25 296.375 295.125 295.25 285.1875 288.9375 294 293.1875 291.5 297.125 287.1875 294.9375 290.3125 298.9375 299.875 299.6875 299.9375 299.9375 298.9375 294.625 297.8125 298.75 296.375 295.8125 292.8125 298.4375 298.3125 297.1875 299 300 299.375 299.0625 299.8125 299.125 299 298.75 297.875 297.75 297 298.5
298 297.3125 296.125 287.125 285.625 283.75 295.5625 299.5 299.75 299.4375 298.75 298.25 299.0625 299.5625 298.8125 295 294.5 295.125 292.4375 293.1875 294.625 291 295.4375 299.625 299.8125 299.25 299.5625 299.1875 298.8125 298.4375 297.1875 296.6875 295.25 296.5 294.6875 292.8125 289.625 287.375 288.75 287.625 295.25 294.0625 297.5 294.875 292.5625 296.9375 299.5 299.625 298.3125 298.6875 299.875 299.8125 297.75 298.25 299.875 298.4375 297.4375 295.375 298 298.75 298.125 298.625 300 298.375 299.125 299.1875 299 298.9375 299.25 298.6875 298.6875 298.875 299.4375
295.25 299 296.625 296.9375 298.4375 296.0625 285.125 288.625 298.1875 299.4375 299.5625 299.4375 299.1875 299.125 299.375 297.3125 293.9375 292.25 293.25 293.5625 297.5625 297.9375 292.5625 298.0625 299.5625 299.8125 299.8125 299.1875 298.1875 297.75 298.5 297.3125 295.125 295.25 295.375 293.8125 295.875 294.3125 297.4375 296.375 291.5625 298.8125 299 299.875 299.375 298.5625 298.6875 298.0625 296 299.3125 299.625 299.6875 298.625 295.375 296.875 293.75 294.125 296.625 297.375 299 297.875 297.625 298.875 298.875 299.25 299.5625 299.25 299 299.125 299.1875 299 297.8125 297.625
293.3125 292.0625 298.8125 299.375 298.875 298.0625 297.125 292.875 284.8125 295.1875 299.125 299.8125 299.0625 299.25 298 297 298.1875 293.8125 293.875 294.5625 290.375 299.25 296 297 299.1875 298.8125 299.4375 299.8125 299.5 298.75 298.875 297.75 297.5 299 299.0625 297.5 298.25 297 295.875 291 286.3125 297.125 299.75 299.25 299.125 298.625 295.6875 297.9375 299.8125 299.8125 299.5 299.75 298.9375 293.9375 292.6875 290.875 295.375 297.1875 297.3125 299.125 298.5625 297.4375 298.125 298.625 298.5 299.125 299.875 299.375 299.0625 299.5 298 297.75 297.9375
292.375 293.625 298.25 297.125 299.1875 298.5625 297.375 294.6875 291.375 282.1875 291.3125 299.0625 299.8125 299.0625 298.8125 298.5625 297.4375 295.8125 294.125 292.1875 298.0625 297.125 296.625 294.5 298 296.9375 297.375 298.9375 299.5 300 300 300 299.75 299.375 298.875 298.1875 297.625 294.1875 288.9375 295.4375 298.875 299.3125 298.5625 298.0625 299.4375 299 298.9375 298.5 299.875 299.75 299.25 299.5625 299.6875 298.9375 295.1875 293.5 299 297.125 297.75 298.5 297.5 298.8125 298.9375 299.3125 298.9375 299.375 300 299.9375 299.3125 299.125 298.125 299.25 298.4375
290.1875 292.3125 296.75 297 296.625 297.6875 296.375 295.5625 292.375 294.875 281.8125 288.4375 296.6875 299.4375 299.3125 299.1875 299.75 298.875 295.0625 296.375 297.5 296.5 296.375 296 297 297.1875 298.875 299.3125 299.6875 300 299.4375 299.9375 299.4375 298.9375 298.375 296.5625 297 286.9375 297.1875 300 299.9375 298.75 299 299.125 299.4375 299 299.3125 300 299.5625 299.8125 299.5625 298.5 299.625 296.3125 296.5 298.4375 298.9375 297.125 298.75 297.875 298.4375 299.625 299.375 299 298.5 298.3125 299.6875 300 299.5 298.75 298.875 298.9375 299.0625
290.875 295.8125 298.125 295.875 296.25 297.5 296.8125 294.5 293.125 296.375 298.0625 284.9375 278.1875 287.125 299.4375 299.625 299.1875 298.1875 298.3125 297.4375 297.6875 295.875 292.375 290.6875 295.25 296.875 298.8125 298.6875 297.3125 296.6875 298.9375 299.3125 298.125 296 293.625 289.5625 282.5625 291.1875 300 300 299.875 297.375 298.6875 298.3125 299.3125 297.125 299.25 299.9375 298.9375 298.625 295.875 293.9375 296.875 297.1875 297.875 298.125 299 296.625 298.3125 299.75 299.625 300 298.875 299.875 295.9375 297.6875 298.375 299.5625 298.375 298.4375 298.4375 298.6875 298.9375
292.9375 294.5625 298.125 295.625 297.6875 298.4375 296.625 293.6875 287.375 285.9375 284 286.875 295.5625 275 284.8125 297.1875 299.875 298.9375 297.3125 297.5 297.5625 294.625 287.5625 289.625 294.625 297.875 298.9375 297.5 298.5625 296.9375 297.625 295.625 294.125 288 285.1875 290.0625 297.5 299.0625 299.4375 298.5625 296.6875 296 283.875 279.125 294.5625 297.9375 298.125 298.0625 292.875 298.1875 291 292.125 292.375 296.0625 297.6875 298.6875 299.25 296 297.625 299.625 298.5625 299.9375 297.5625 299.5625 296.6875 299 298.1875 297.8125 298.625 299.3125 299.125 299.3125 299.1875
297.3125 299.0625 297.875 295.3125 295 296.9375 290.5625 292.3125 293.5 283.125 288.9375 281 274.375 294.9375 284.375 282.75 290.625 299.75 299.375 298.5 297.3125 294.125 293.6875 290.3125 297.6875 295.375 291.9375 297.5 296.375 296.6875 287.375 293.6875 282.1875 282.75 286.5625 295.6875 299.4375 298.4375 297.375 295.1875 296.9375 299.625 294.125 283.25 285.625 296.5 289.625 286.125 290.9375 288.625 295.4375 298.6875 299.5625 299.6875 299.0625 299.0625 298.4375 297.8125 297.875 297.5625 297.75 298.5625 299.0625 298.9375 298.8125 299.1875 298.6875 298.6875 299.6875 299.4375 299.5 299.375 299.4375
298.4375 298.4375 299.3125 296.1875 292.0625 295.1875 292.0625 294.3125 293.3125 288.875 289 290.9375 278.125 284.0625 298.375 285.125 280.5625 283.625 298.75 298.875 295.1875 295.125 297.375 299.4375 298.875 292.25 294.25 291.9375 291.25 288.0625 281.6875 288.0625 289.3125 291.25 298.75 299.9375 299.6875 299.9375 299.375 299.6875 299.375 299.625 299.4375 299.25 277.75 284.875 283 288.5625 290.625 297.6875 299.5 299.875 300 299.375 299.4375 298.5625 296.5625 299.125 299.1875 297.6875 298 299.4375 299.75 299.125 299.5 299.6875 299.5625 298.5 299.1875 299.375 299.125 299.375 299.4375
297.125 294.5625 297 296.8125 291.6875 293.625 286.375 294.125 298.9375 297.625 288.5625 297.0625 280.1875 272.5 279.625 284.8125 285.6875 281.3125 281.1875 297.1875 294.5 292.375 296 297.9375 298.3125 298.875 294.625 290.625 289.25 293.625 292.4375 294.875 287.3125 281.0625 298.1875 300 300 300 299.9375 299.5 299.1875 299.75 299.3125 299.75 296.25 289.5 285.375 280.75 286.25 300 299.75 299.375 298 298.375 296.5625 294.3125 297.8125 298.8125 299.75 299.125 299.5 299.875 300 299.75 298.8125 299.4375 299.875 298.9375 299.5 299.5 299.25 299.1875 298.5625
294.625 292.5625 292.875 290.0625 295.6875 293.8125 293.75 298.5625 297.5 297 293.4375 291.6875 285.625 271.375 267.75 275.625 284.5625 277.6875 273.875 297 294.875 295.875 294.625 293.6875 296.5 294 287.9375 293.1875 284.875 283.5625 294.0625 282.8125 297.625 297.5 298.4375 299.4375 299.9375 300 299.8125 300 299.9375 299.875 299.875 299.5625 299.6875 298.3125 294.375 295.5625 287.8125 292.875 296.5 299 291.75 289.6875 294.125 296.8125 298.625 300 300 299.9375 299.75 300 299.9375 298 297.8125 298.8125 299.125 299.5 298.75 295.875 297.625 298.25 299.8125
292.1875 292.25 297.625 297.0625 292.375 289.5 291.5 296.6875 294.625 294.375 298.0625 289.25 287.125 284.75 279.75 271.375 259.4375 274.375 291.3125 296.125 295.6875 297.8125 293.625 294.0625 295.0625 295 282.6875 286 288.9375 290.3125 290.75 285.125 294.6875 294.9375 294.3125 299.5 299.625 299.8125 299.875 300 299.9375 299.75 299.9375 299.875 299 298.5625 298.875 300 294.25 294.875 297.125 298.6875 293.125 297.4375 297.75 298.125 299.5625 300 300 300 299.5625 299.625 299.25 299.0625 298.125 299.5 299.4375 298.75 296.4375 295.125 297.125 297.375 299.0625
291.875 283 292.625 298.6875 299.3125 299.5625 296 296.125 292.875 292.4375 291.4375 286.25 287.6875 279.125 287.5625 285.6875 290.5625 292.3125 294.5625 296.125 296.25 295.4375 296.1875 298.125 296.75 298.3125 290.9375 289.5 298.125 291.0625 291.9375 286.4375 290 297.25 299.4375 299.8125 299.6875 299.375 300 300 300 300 299.875 300 299.4375 299.25 299.125 299.5625 299.75 298.9375 299.4375 299 298.25 299.5 299.125 297.125 298.375 300 299.9375 299.9375 300 299.9375 300 299.875 299.25 300 297.625 294.4375 293.125 294.5625 296.625 298.1875 299.8125
290.3125 297.3125 298.8125 298.125 296.5 296.25 294 296.4375 295.5625 294.25 290.5 289 286.25 281.25 274.4375 291.0625 275.25 292.3125 295.625 287.4375 281.0625 268.375 289.75 295.8125 296.75 297.6875 291.5625 288.9375 296.1875 290.5 295.75 288.4375 288.6875 296.4375 295.9375 296.1875 299.75 298.9375 298.4375 296.3125 300 300 300 300 299.75 299.375 299.4375 299.875 299.5625 299.75 300 299.9375 299.5625 299.75 299.3125 297.875 298.375 300 300 299.9375 300 299.75 299.75 300 300 300 297.6875 297.875 296.25 298.1875 297.875 298.8125 298.375
299.3125 298.75 297.75 299.3125 297 291.75 293.25 298.8125 300 294.5625 298.3125 294.5 286.625 284.625 276.4375 290.5 280.6875 282.3125 287.125 277.9375 228.9375 249.75 277.5625 296.4375 299.125 298.5625 290.5625 296.4375 298.5 294.25 293.875 297.75 293.75 296.0625 289.625 286.25 298.5625 297.9375 293.1875 296.5 299.9375 300 300 293.125 298.8125 299.1875 299.75 300 300 300 300 300 299.0625 298.9375 296.8125 297.1875 299.125 300 300 300 300 299.375 297.375 298.8125 300 300 300 300 300 300 299.9375 299.1875 298.1875
299.875 299.375 299.3125 298.9375 300 299.5 298.5 299.75 294.8125 297.375 290.1875 293.875 281 287.125 285.3125 282.9375 285.75 279.1875 282 272 248.8125 266.1875 282.6875 299.1875 296 293.3125 288.625 288.0625 298.0625 296 291.4375 298 295.5625 288.3125 288.9375 285.625 295.0625 298.0625 297.375 295.625 295.1875 298.8125 300 298.75 296.5625 299.375 300 300 300 300 300 299.875 299.8125 298.375 299.8125 297.8125 299 300 300 299.9375 299.3125 299.9375 299.75 299.25 299.1875 299.8125 299.6875 299.8125 300 300 300 299.625 298
299.25 299.375 299.25 300 300 299.8125 298.9375 299.1875 298.9375 295.5 295 294.4375 292 292.5 282.9375 284.4375 294.625 288.25 293.5625 297.625 290.375 287.375 298.1875 298.75 295.5625 291.5 290 293.625 296.75 296.25 288.75 297.5625 298.1875 291.125 288.625 292.0625 288.375 299.5625 299.5625 299 299.125 299.625 299.8125 296.4375 296.625 300 300 300 300 300 299.6875 299.125 297.3125 298.6875 299.9375 299.5 298.6875 300 300 298.4375 299.375 299.8125 300 300 300 300 299.75 299.5 298.1875 300 300 299.75 298.625
299.5625 299.375 298.1875 298.1875 299.5625 299.125 297.8125 296 298.875 294.3125 288.8125 298 296.5625 296.625 294.1875 277.8125 280.625 288.4375 295.8125 296.5625 298.3125 300 300 300 299.875 299.375 288.6875 292 298.125 288.4375 294.25 298.125 298.5625 296.375 297.0625 290.6875 292.875 300 300 299.8125 299.25 299.9375 297.4375 293.0625 297.125 294.9375 298.4375 300 300 299.9375 298.3125 299.5 294.6875 299.625 299.625 299.5 299.5625 300 300 300 298.8125 299.6875 299.3125 299.625 299.875 300 300 300 300 300 300 299.375 299.5
298.375 297.4375 297.3125 297.375 299.1875 299.375 299.3125 293.75 289.875 295.375 296.4375 298.75 298.9375 297.25 296.875 295.0625 293.9375 290.8125 296.25 297.0625 297.625 297.3125 300 300 300 300 294.8125 289.5 293.625 286.1875 289 297.9375 298.6875 280.4375 285.125 290.5 299.4375 299.1875 299.6875 300 299.5625 299.9375 295.5 294.125 299.625 295.0625 295.3125 297.6875 299.8125 298.75 298.625 296.6875 297.625 299.4375 299.8125 299.4375 300 300 299.875 299.125 299.8125 300 299.9375 296.125 292.25 294.0625 297.8125 299.4375 299.75 300 300 299.6875 299
292.4375 284.4375 296.6875 299.25 299.1875 299.75 299.4375 298.75 295 290.1875 295 296.75 296.5 296.6875 297.8125 294.75 297.75 297.375 295.5625 297.75 297.875 296.625 296.875 296.5 297.625 299.625 295.0625 290.875 290.75 297.375 288 298.4375 278 271.3125 285.1875 295.1875 282.5625 292.6875 297.125 299.8125 298.0625 298.75 296.8125 294.875 292.9375 294.4375 293.875 297.5 298.0625 298.625 298.8125 299.125 299.625 299.75 299.4375 299.0625 300 300 299.8125 299.3125 299.0625 299.6875 299.9375 299 298.875 296.0625 299 299.25 297.75 290.5 296.1875 296.75 279.5
282.3125 295.125 299.4375 299.0625 298.6875 298.375 298.8125 299 299.125 296.75 293.5625 295.25 292.5625 292.0625 296.8125 298.25 296.8125 298.0625 297.375 297.1875 297.4375 297.625 295.8125 293.625 293.75 292.375 295.625 288.9375 297.625 298.3125 283.5 289 275.1875 276.875 295.0625 295.5625 290.6875 290.375 291.6875 297.8125 299.6875 299 298.375 297.9375 298.8125 298.25 299.0625 298.8125 299.4375 299.625 300 300 300 300 299.75 299.25 300 300 300 300 300 300 299.875 299.3125 299.375 300 300 299.875 297.4375 286.5625 289.0625 284.875 280.3125
295.6875 299.25 299.0625 298.875 298.5 298.75 298.125 299.5 299.625 299 294.75 295.75 299.25 298.875 295.25 294.75 296.8125 296.875 295.4375 297.25 297 296.25 295.5625 294.375 294.875 296.125 295.9375 294.625 299.125 298.4375 293.9375 282.375 287.0625 288.6875 287.6875 296.625 297.125 299.625 297.3125 295.5625 299.4375 299.375 299.25 299.3125 299.625 299.25 299.75 300 300 300 300 300 300 300 300 299.5 299.875 300 300 300 299.9375 300 299.9375 299.75 298.6875 299.5625 299.9375 299.6875 298.1875 298.125 293.5 288.4375 293.6875
297.25 297.8125 298.5 298.9375 299.8125 299.375 299.1875 299.375 300 299.5625 295.3125 292.6875 295.375 298.5 299.6875 299.9375 299.3125 299.4375 299.5 299.125 297.375 294.75 295.3125 293.125 290.75 293.1875 297.0625 297.25 299.4375 299.5625 299.5 295.375 293.9375 290.9375 284.75 297.875 299.8125 299.625 297.4375 295.625 300 299.5 299.5625 299.3125 298.625 300 299.5625 299.875 299.5625 299.3125 300 300 300 299.875 299.8125 299.625 298.6875 299.8125 299.375 299.8125 300 299.4375 298.6875 299.5625 299.6875 299.75 298.5 298.4375 298.4375 290.875 283.375 292.0625 291.875
299.75 300 299.75 299.625 300 299.5625 299.875 299.875 300 299.375 298.6875 298.5 294.6875 296.875 299.9375 300 299.875 299.875 299.9375 299.3125 299.5625 295 294.4375 295.6875 294.9375 291.9375 295.9375 299.0625 299.4375 299.6875 297.875 293.9375 293 290.5 290.25 293.4375 299.9375 299.3125 297.8125 299.0625 300 299.3125 299.3125 299.875 299.625 299.75 299.4375 299.4375 299.5 299.0625 299.5625 300 300 300 299.6875 300 299.1875 299.75 299.4375 299.0625 300 299.9375 299.75 298.625 297.3125 299.0625 298.9375 297 297.375 295.5625 289.8125 285.4375 284.6875
299.9375 300 299.875 299.75 299.9375 299.875 299.25 299.9375 300 300 299.6875 298.875 299.25 297.3125 300 299.875 300 300 300 299.625 297.875 297.0625 295.625 294.5625 292.6875 287.875 296.0625 299.9375 300 299.75 296.6875 291.8125 288 292.4375 290.125 297.5 300 300 299.9375 299.8125 300 299.9375 300 299.5625 299.9375 300 299.875 299.125 299.875 298.8125 299.25 300 300 300 300 300 299.9375 299.25 299.9375 299.125 299.0625 298.25 297.4375 298.1875 299.1875 298.125 299.125 298 295.75 292.8125 293.625 295.6875 298.25
299.875 300 299.75 299.9375 299.875 300 299.5 299.625 299.875 300 299.125 299.5625 299.4375 300 300 300 300 300 299.8125 299.8125 295.0625 294.8125 296.0625 290.4375 291.1875 293.5625 299.25 300 300 300 298.6875 292.0625 294.4375 292.125 287.5 296.5625 287.9375 292.9375 297.8125 298.6875 299.875 299.6875 300 299.6875 299.9375 300 300 300 299.4375 299.4375 300 300 300 300 300 300 299.9375 298.9375 300 300 299.4375 296.8125 298.125 299.3125 296.875 297.4375 297.1875 295.5 294.9375 292.5 298.125 297.5 299
299.625 300 300 299.5625 299.8125 299.5625 299.8125 300 299.4375 299.9375 299.875 299.25 299.875 299.5625 299.9375 299.9375 300 300 300 299.625 296.375 297.5 295.1875 291.9375 299.0625 299.8125 299.875 300 300 299.875 299 298.25 293 292.75 290.5625 288.375 291.5 289.5625 284.375 279.375 297.5 300 299.8125 299.375 299.9375 300 300 300 299.6875 299.8125 300 300 300 300 300 300 299.625 298.875 298.625 299.8125 299.1875 299.125 296.0625 296.0625 296.125 297.4375 297 297.5 296.5625 296.9375 297.875 299.5 298.5
299.625 300 300 300 300 299.5625 299.5 299.6875 299.125 299.875 300 299.75 300 299.4375 299.625 299.875 300 299.8125 299.75 298.6875 298 299.0625 295.625 299.375 299.8125 299.8125 300 300 299.9375 299.375 299.5625 299.3125 297.375 292.3125 295.3125 298.5 297.375 296.6875 295.25 292 289.375 299.125 299.75 299.875 299.9375 300 300 300 299.875 300 299.875 300 300 300 300 300 299.75 299.375 297.75 299.8125 296.3125 298 299.6875 299.4375 296.6875 298.4375 298.5625 297.0625 293 294 298.9375 299.625 299.75
299.5625 299.625 300 299.875 300 299.25 299.6875 299.75 299.4375 299.125 299.5625 299.5625 299.875 299.375 299.8125 299.5625 296.625 296.75 297.125 297.4375 299.5625 300 299.5625 299.9375 300 300 300 299.9375 299.5625 299.4375 300 299.9375 298.5 295.0625 299.375 299.0625 298.875 297.9375 296.875 297.9375 289.3125 285.9375 298.6875 299.6875 299.5 300 300 299.875 300 300 299.4375 299.9375 299.4375 300 300 300 300 300 296.9375 299.875 300 299.1875 299.375 299.9375 299.75 299.875 297.75 291.6875 287.125 289.4375 298.5625 299.75 299.5
299.3125 299.75 299.8125 299.0625 299.8125 299.1875 299.1875 299.5625 300 299.8125 299 298 298.6875 299.0625 299.875 298.875 296.625 298.375 297.9375 298 300 299.3125 299.375 299.75 299.875 300 300 299.875 299.25 299.75 300 298.3125 296.5625 297.4375 299.25 299.5 299.125 299.375 299.3125 298.3125 296 283.9375 296.0625 299.75 299.8125 299.875 299.8125 299.875 300 300 299.375 299.375 299.1875 300 300 300 300 300 297 299.875 299.5 299.5 298.875 299.0625 299.25 298.75 298.1875 283.9375 283.875 288 297.125 293.6875 273.0625
