Environ_rasters/b_tr_r.asc
NCOLS 390 
NROWS 330 
XLLCORNER -114.009999948 
YLLCORNER 32.984999373 
CELLSIZE 0.0333760701179487 
NODATA_value -9999 
[rows 256 to 287 of 330, columns 0 to 72 of 390]
299.625 300 299 300 300 299.6875 300 298.8125 287.5625 298.0625 298.875 299.5625 299.8125 299.75 300 300 297.9375 297.875 298.9375 299.5 300 299.9375 300 300 299.9375 299.4375 300 300 300 300 293.375 296 299.6875 299.5625 299.5 296.5625 296.6875 299.0625 297 299.375 299.3125 299.6875 299.75 299.875 299.75 298.8125 298.5625 299.25 299.5 300 300 299.75 299.875 299.75 300 299.25 299.3125 299.875 298.625 297.0625 299.0625 299.75 297.3125 296.4375 296.4375 298.3125 299.375 298.875 294.5 296.8125 298.625 298.25 299.6875
299.0625 299 297.125 300 299.875 298.8125 298.625 299.625 294.5 294.625 296.5 295.8125 298.625 299.4375 299.0625 299.625 299.9375 297.0625 298.5625 299.4375 299.75 299.6875 299.8125 300 300 300 299.625 299.8125 300 300 299.6875 291.0625 299.625 299.3125 298.875 299.625 299.25 299.5625 298.375 299.8125 300 300 300 299.1875 299.25 299.9375 299.9375 299.9375 299.75 299.5 299.8125 299.8125 300 299.5625 300 298.625 298.3125 299.25 299.4375 296.9375 298.4375 299.6875 299.0625 294.125 283.6875 281.375 299 299.8125 296.75 297.5625 297.5 296.8125 298.5625
299.875 298.5625 295.8125 300 299.5 298.125 293.875 297.5 296.5 292.375 294.25 296.75 299.3125 299.5625 299.9375 299.75 294.875 295.75 299.4375 299.1875 299.625 299.5 299.875 299.625 300 299.4375 299.4375 299.5625 299.875 299.75 299.75 292.25 298.5 297.6875 298.25 298.9375 299.5625 298.6875 294.5 299.0625 299.875 299.25 299.75 299.9375 299.8125 299.5 299.75 298.9375 299.6875 298.9375 299.375 299.9375 299.3125 299.4375 299.75 298.25 297.8125 299.125 299.75 298.1875 298.3125 299.8125 300 298.25 290.9375 292.5625 299.6875 294.75 296.4375 286.8125 284.25 287.4375 295.3125
298.5 299.8125 300 300 299.5 298.75 294.0625 294.3125 297 299.4375 297.0625 295.25 298.75 295.9375 297.1875 297.5 295.3125 299.1875 299.125 300 299.9375 299.75 300 299.8125 300 300 299.0625 299.1875 300 299.6875 298.5625 295.375 296.6875 299.125 300 300 299.3125 298.8125 298.3125 299.25 299.1875 299 298.5625 299.875 299.625 299.1875 298.875 299.0625 299.625 299.125 299.125 299.9375 299.5 299.5625 298.75 297.375 299.625 300 299.4375 291.625 288.9375 297.5625 299.1875 299.5 299.25 299.875 299.1875 297.8125 295.25 266.5 265.4375 276.75 292.875
300 300 300 300 299.8125 298.625 292.3125 293.1875 298.3125 299.5625 299.25 294.5625 289.8125 287.4375 295.875 298.375 298.625 298.8125 299.5625 300 300 299.9375 299.9375 299.875 300 300 298.75 295.75 298.75 299.5625 298.3125 300 299.9375 299.3125 299.875 300 299.625 299.25 299.375 299.6875 299.5625 298.6875 299.9375 300 300 299.9375 297.6875 299.3125 299.25 299.8125 299.5 299.75 299.1875 299.6875 300 299.4375 299.5 299.375 299.25 296.375 291.75 296.375 299.5 299.6875 299.5 299.75 299.625 298.375 294.5625 267.375 264.375 270.8125 293.8125
300 300 300 300 300 299 294.4375 294.5 299.375 300 300 299.375 297.75 293.875 290.375 297.75 299.3125 298.8125 299.125 299.125 299.5625 300 300 300 300 300 298.375 299.1875 299.5 299.4375 300 299.9375 299.4375 299.1875 299.875 300 299.8125 299.625 299.6875 299.5625 298.6875 299.625 299.9375 299.9375 299.9375 300 298.8125 297.5625 299.25 299.3125 299.3125 299.125 297.8125 298.875 299.8125 299.375 299.3125 299.375 300 300 299.625 299.5625 299.75 299.6875 299.5 299.625 297.5 298.3125 295.875 293.5625 291.75 289.875 287.5625
300 300 300 300 299.625 299.875 295 295.1875 299.5 298 299.3125 300 299.9375 295.875 291.75 298.6875 299 298.5625 298.75 298.9375 299.125 299.5 299 299.5 299.5 299.9375 297.9375 299.375 298.25 298.8125 299.875 299.5 297.3125 299.1875 299.4375 299.1875 298.25 298.6875 298.4375 299.4375 299.8125 300 299.9375 299.9375 299.5625 299.8125 300 298.9375 299.5 298.4375 299.5 299.1875 298.875 299.0625 298.5 298 299.4375 300 298.625 300 299.25 299.875 299.375 299.1875 300 299.5625 297.5625 299 298 299.0625 294.1875 283.1875 277.6875
300 300 299.625 299.5 299.875 300 298.375 298.3125 299.1875 298.25 298.375 299.875 299.6875 292.9375 296.0625 298.75 299.5 298.8125 299 299.375 299.375 299.125 299 299.4375 298.5 297.875 297.0625 297.125 299.3125 298.5 298.625 299.4375 299.5625 299.375 299.375 298.25 296.6875 293.375 296.125 299.1875 299.8125 300 300 300 299.9375 300 300 299.75 299.25 298.5625 299.125 299.75 299 290.0625 291.375 299.25 299.1875 297.0625 299.4375 299.9375 299.9375 300 299.3125 297.9375 300 299.9375 299.375 299.5625 298.625 299.3125 299.1875 295.125 287.1875
299.625 297.8125 291.25 297.8125 298.4375 299.1875 299.3125 299.875 300 299.0625 296.5 299.5625 299.5625 285.8125 291.0625 295.5 298.5 297.75 298.9375 300 299.75 298.8125 296.375 298.3125 299.8125 299.1875 298.4375 298.75 298.375 298.9375 298.9375 298.625 299.875 299.5 299.125 299.25 298.75 294.625 297.8125 299.4375 300 299.8125 300 299.9375 300 300 300 299.875 299.625 297.875 298.5625 300 298.75 291.0625 292.1875 299.625 298.8125 299.125 299.25 299.5 299.6875 300 299.875 299 300 299.625 299.25 299.875 299.5 299.375 299.5 300 300
299 297.5625 294.5625 291.9375 284.8125 293.1875 299.1875 300 300 299.9375 299.5625 299.25 299.75 296.9375 292.1875 295.0625 295.1875 296.875 297.6875 298.75 299.5625 299.5625 296.8125 298.375 299.9375 300 299.5625 299 297.9375 299.0625 299 298.875 299.5625 299.75 299.6875 297.6875 298.25 300 299.6875 298.5625 299.1875 298.9375 299.875 299.9375 300 300 300 300 299.5 297.3125 297.5 298.125 297.875 298.8125 297.8125 298.875 299.4375 299.0625 299.875 299.625 299.5 300 299.75 299.0625 299.3125 299.9375 299.75 299.0625 299.3125 299.9375 300 299.8125 299.25
298.5 296.0625 286.4375 284.25 282.75 292.5625 298.625 299.4375 299.375 299.5625 300 299.125 297 298.375 296.875 296.4375 296.625 295.9375 296.625 298.75 298.875 299.5 299.875 299.6875 299.75 300 300 298.1875 299.375 299.8125 299.6875 299.3125 298.9375 298.875 298.9375 297.5625 297.0625 300 300 298.375 298 298.625 298.625 299.5625 299.9375 300 300 300 299.75 298.4375 297.75 298.5625 299.375 299.3125 298.4375 298.5625 298.8125 298.9375 299.1875 299.375 294.9375 294.0625 298.1875 299.375 299.875 299.6875 299.5625 298.625 298.875 299.875 299.8125 299.8125 299.0625
293.25 294.1875 275.75 278 291.5625 292 297.8125 298.8125 298.6875 298.875 299.8125 299.0625 296.375 298.3125 296.5 296.125 297.1875 295.5 296.5625 297 298.75 298.875 299.4375 299.875 300 299.4375 300 299.125 299.25 299.25 299.375 297.9375 298.0625 299.125 299 298.3125 299 300 300 299.5 296 296.9375 297.1875 298.625 299.1875 299.3125 299.75 299.9375 299.875 299.125 293.375 296.5625 297.0625 298.9375 298.8125 299.375 298.375 298.9375 299.25 299.5625 298.5 286.0625 292.9375 299.4375 299.5625 300 300 299 296.75 299.625 299.875 299.875 299.9375
292.125 291.3125 285.6875 287.5625 290.6875 291 298 298.5 298.5 299 299.4375 297.3125 295.375 295.6875 295.1875 293.875 294.875 296.3125 296.9375 297.3125 296.25 298.3125 300 299.6875 300 299.8125 300 299.4375 298.75 299.6875 298.6875 298.875 298.8125 298.8125 298.25 299.125 298.5 300 300 300 300 299.4375 292.1875 296.875 299.625 298.875 298.8125 298.625 300 299.5 298.0625 292.5625 294 298.3125 297.9375 298.625 299.5 299.4375 297.4375 295 295.9375 281.0625 294.3125 299.25 299 298.75 299 297.9375 296.375 298.8125 298.9375 299.1875 299.6875
287.6875 289.125 289.8125 287.6875 292.1875 293.75 298.25 298.375 298 299.3125 299.25 293.625 290.5625 290.3125 294.6875 293.25 295.0625 297.625 296.1875 295.1875 295.6875 297.125 299.125 299.6875 299.4375 299 299.3125 299.8125 300 298.8125 297.8125 299.0625 298.9375 296.5625 296.5625 298.3125 299.5 299.625 299.9375 300 300 299.9375 298.5625 293.8125 297.1875 298.625 298.4375 297.125 299.9375 299.9375 299.875 298.6875 296.9375 298.1875 295.4375 293.8125 296.8125 297.8125 298 285.5 275.8125 284.25 293.125 298.75 299.1875 296.3125 289.9375 286.4375 291.75 299.125 298.75 299.4375 299.3125
285.0625 278.25 282.875 286.5 289.1875 290.25 294.875 296 298.3125 299 297.8125 294.375 292.4375 292.3125 290.75 285.375 294.875 296.75 295.5 297.5625 296.6875 293.6875 292.875 298.9375 299.4375 298.875 298.6875 300 300 298.9375 297.5 298.5625 297.625 298 297.375 298.6875 299.0625 299 299.25 299.625 300 299.9375 300 299.25 295.4375 296.6875 298.875 299.5625 300 300 300 299.6875 297.5625 296.75 294.3125 295.1875 287.5 293.3125 285.5 287.6875 282.375 277.625 289.25 295.1875 295.9375 292.6875 285.25 279.5625 291.3125 299.25 298.75 297.9375 298.9375
282.8125 274.6875 282.625 292.6875 288.4375 290.625 294.3125 297.375 298.0625 298.5 298.125 295 294 296.375 294 292.3125 296.4375 298.625 298.25 298.6875 291 288.5 290.6875 296.0625 299.625 298.9375 295.3125 296.75 299.9375 297.8125 298.5625 294.6875 289.5 285.9375 287.5 298.875 298.75 299.125 299.3125 300 300 300 300 300 300 298.4375 298.125 299.75 300 299.5625 299.5625 299.75 299.6875 299.5 298.75 298.3125 297.75 288.125 292.9375 293.4375 268.0625 283.5625 289.875 283 280.125 285.875 286.375 275.1875 293.9375 298.625 298.9375 299.3125 299.3125
287.5 284.125 275.5 290.0625 288 291.375 291.75 296.5625 297.5 299.125 299.3125 299.125 296.9375 296.5 296.75 296.375 297.5 299 299.0625 294.4375 291.5 291.25 293.1875 296.125 299.5 299.75 297.3125 297.5625 299 296.0625 295.5625 294.125 297.1875 296.0625 299.0625 299.4375 298.8125 299.5625 300 300 300 300 300 300 300 300 299.4375 299.9375 299.875 299.6875 299.875 299.5 298.75 298.75 298 299 298.9375 297.625 291.4375 282.625 291.375 297.875 298 277.375 285.5 294.6875 287.3125 265.5625 270.6875 287 299 298.1875 298.8125
282.0625 285.8125 277.9375 290.6875 284.25 284.375 292.5 296.0625 298.5 297.6875 299.125 298.9375 298.5625 294.875 296.75 293.75 296.75 299.5 299.875 297.1875 294.375 295.9375 296 299.0625 299.4375 297.625 299.25 298.3125 298.375 296.875 297.8125 296.3125 296.125 298.1875 299.125 299.25 299.3125 299.625 300 300 300 300 299.625 299.125 299.875 300 299.9375 299.5 298.8125 298.4375 298.875 298.0625 299.1875 298.5625 298.625 295.125 294.1875 289.75 286.4375 285.125 295.125 299.8125 299.9375 298.9375 296.625 297 290.125 284.75 286.125 293.4375 299.0625 299.0625 299.1875
299.6875 290.6875 279.5625 282.5 288.3125 290.6875 291.4375 288.6875 297.1875 298.0625 298.875 298.625 297.25 296.4375 296.75 291.1875 294.75 298 299.4375 299.0625 298.6875 298.5 293.8125 294.5 296.625 290.5 286.6875 294.5 297.3125 298.3125 299 298.0625 292.6875 296.0625 298.4375 299 299.125 299.4375 299.75 299.9375 300 299.9375 298.5625 298.3125 299.3125 299.5625 299.75 298.5 297.5625 298.6875 298.8125 298.125 299.4375 298.875 299.0625 297.6875 295.9375 290.3125 297.25 296.875 299.75 299.75 299.5 298.9375 298.8125 298.3125 297.8125 298.5625 274.5 287.3125 292.4375 299.5 299.5625
299.6875 298.8125 292.875 289.75 286.0625 290.625 287.0625 286.25 293.375 297.5 298.75 299.6875 298.9375 296.875 296.25 293.8125 287.5625 295.1875 299.0625 298.125 298.5625 297.625 296.3125 297.4375 291.75 286.1875 292.9375 298.1875 298.9375 299.0625 299.625 299.375 297.4375 297.5625 298.75 297.625 299.375 299.75 299.9375 300 300 299.875 299.3125 299.1875 298.6875 298.9375 299.75 299.125 299.5 299.75 299 298.25 299.25 299.0625 298.375 298.375 297 297.3125 297.6875 298.6875 299 299.375 299.5625 299.3125 298.1875 297 298.125 295.75 274.0625 292.0625 290.1875 297.375 297.9375
300 299.875 288.3125 287.5 287.0625 287.6875 289.0625 294.8125 297.9375 298.5625 299.4375 299.4375 298.875 298.1875 296.625 294.75 289.125 293.4375 297.625 298.4375 297.5 297.9375 292.875 292.5 286.6875 291.875 294 297.6875 299 299.3125 299.6875 299.8125 298.1875 298.3125 297.1875 297.5625 297.4375 298.1875 300 300 300 300 299.6875 299.625 298.5 299.8125 300 299.9375 300 300 299.4375 298.5625 296.5625 297.9375 294.9375 291 292.125 297.3125 297.75 298.8125 298.4375 298.8125 299.3125 296.6875 295.625 294.75 294.6875 298.25 292.6875 291.9375 296.875 298.9375 298.4375
300 299.375 290.9375 281.5 277.3125 284.8125 292.25 297.1875 297.8125 298.25 299.375 299.625 299.4375 299.0625 296.875 294 286.5 291.3125 297.875 298.9375 298.6875 298.375 289 283.1875 293.5625 295.1875 294.5625 299 299 299.625 299.25 295.75 296.8125 297.3125 294.3125 297.6875 298.3125 295.5625 299 300 300 300 299.5625 300 299.875 300 300 300 300 300 300 299.625 298.5 297.3125 286.5625 283.8125 287.0625 294.125 298.25 299.75 299.5625 300 299.3125 297.0625 295.6875 297.6875 296.25 294.1875 294.8125 296.6875 298.8125 297.5625 298.875
300 298.9375 299.125 296.4375 287 284.1875 292.625 297.375 297.1875 296.625 298.4375 299.375 299.375 299 298.5625 296.5 295.25 290.75 296.4375 297 299.3125 299.5625 285.4375 292.625 298 298.125 298.1875 298.875 299.5625 299.0625 298.9375 299 298 295 296.75 298.9375 298.4375 298.8125 298.875 300 299.5 300 299.375 299.625 298.875 300 300 300 300 300 300 299.8125 299.25 298.1875 290.5625 295.1875 280.5625 278.6875 295.875 299.25 300 299.8125 299.75 300 298.4375 298.6875 299.5 295.6875 297.1875 296.3125 299 296.5 297.8125
300 299.75 299.5 298.6875 297.125 293.25 297.5 296.875 294.9375 295.0625 297 297.375 298.4375 299.1875 296.125 289.1875 288.25 292.0625 296.5625 297.8125 294.125 291.375 282.6875 298.8125 294.0625 298 298.1875 295.9375 295.125 296 295.125 296.1875 294.5625 294.6875 295.1875 295.625 299.0625 299.4375 298.6875 299.3125 300 299.75 298.0625 298.375 300 300 300 300 300 300 300 299.8125 299.125 299.375 288.5 294.375 290.3125 282.125 292.25 299.125 300 299.5625 299.25 299.375 299.875 299.875 299.5625 299.5 297.875 291.8125 290.5625 292.75 286.3125
300 300 300 299.5 299.5625 298.375 297.5 299.0625 294.5625 294.1875 293.1875 295.25 298.0625 299.5625 297.625 291.3125 289.875 285.1875 295.6875 291.9375 291.5625 293.6875 288.625 295.125 293.5625 296.4375 297.125 293.9375 294.0625 291.4375 291.375 292.3125 292.5625 290 292.6875 295.6875 298.9375 298.6875 299.1875 298.8125 299.5625 299.25 288.875 280.75 294.0625 299.9375 300 300 300 300 300 300 299.4375 298.6875 295.0625 297.0625 296.375 286.25 276.8125 297.0625 299.4375 299.6875 299.3125 299.125 299.8125 299.0625 299.5625 299.3125 299.4375 293.1875 295.5625 295.5 298.4375
300 300 300 300 300 299.4375 299.5625 299.9375 296.6875 295.0625 289.875 284.875 298.0625 299.125 298.75 294.25 296.625 297.4375 296.375 294.5625 295.25 294.4375 288.75 290.125 295.8125 297.625 296.0625 290.0625 294.3125 296.9375 294 296.875 295.25 289.5625 295.8125 297.5 298.375 298.875 299.625 298.8125 299.375 298.8125 296.375 286.1875 295.9375 298.9375 299.875 300 299.3125 299.5625 300 300 300 299.75 294.0625 294.5625 295.5625 294.5625 291.5 287.125 297.125 299.4375 300 299.5 299 298.8125 299.1875 299.375 299.5625 291.25 295.375 299.1875 299.625
300 300 300 300 300 299.875 299.9375 299.9375 299.25 296.75 292 297.5 297.75 297.8125 298.5 296.625 291.6875 293.5 294.4375 297.6875 298.375 295 295.125 295.375 296.3125 297.625 297.3125 295.5 289.9375 294.5 297.125 297.375 291.75 291.125 297.875 297.5625 295.75 297.125 298 299.1875 299.875 298.6875 296.8125 297.125 298.1875 299.0625 299.25 299.5 296.5 296.375 299.9375 299.75 299.875 299.9375 298.4375 295.75 297 296.9375 297.3125 295.125 290.5 292.3125 295.625 299.6875 299.4375 298.75 299.8125 300 299.4375 295.625 294.0625 297.8125 292.375
300 300 300 300 300 298.75 296.125 299.125 299.0625 299.1875 298.875 298.6875 299.0625 297.75 294.375 294.1875 295.6875 294.5625 293.5625 297.5 296.6875 292.875 289.0625 297.25 297.625 298.375 297.75 296.8125 298.5625 296.0625 294.0625 295.6875 294.3125 294.6875 297.9375 298.6875 297.625 289.9375 297.9375 299.875 298.6875 294.9375 291.375 297.8125 298.3125 299.3125 299 297.3125 299.125 297.75 296.8125 299.1875 299.8125 299.875 299.0625 299.375 297 295.5625 296.4375 294.75 291.8125 294.125 291.25 298 299.75 298.4375 298.5625 298.75 296.4375 285.8125 283.75 276.5 281.25
300 299.9375 300 300 300 299.3125 295.1875 297.5625 299.875 299.375 299.25 299.0625 298.6875 298.3125 295 294.8125 297.0625 298.4375 298.625 299 299.1875 297.125 296.5 296.3125 296.625 298.5625 298 297.5 298.3125 296.1875 295.5 296.625 295.125 296.25 296.875 298.125 291.8125 285.6875 291.9375 298.875 298.6875 296.625 290 292.125 297.0625 298 297.875 295.6875 297.5 296.5 292.875 298.6875 299.25 299.625 297.1875 298.5 299.625 299.125 299.375 298.875 298.6875 298.4375 290.625 285.3125 295.3125 299.75 299.5 299.125 294.8125 286.1875 282.3125 286.3125 299
299.5 299.875 300 300 300 300 298.3125 297.25 299.875 299.1875 299.375 299.125 298.25 298.125 296.75 297.25 298.125 298.5 298.5625 299.125 299.5 299.0625 298 298.25 298.1875 298.0625 292.0625 293.8125 298.8125 297.0625 296.6875 293.5625 296.6875 299.5625 297.0625 297.1875 294.125 292.625 290.25 298.6875 299.0625 296.875 297.75 291.3125 293.6875 297.875 298.5 296.875 293.1875 297.125 293.4375 297.9375 298.3125 298 297.375 297.625 299.625 299.125 298.5625 297.875 299.25 298.6875 297.75 289.5 279.75 298.4375 298.875 298.75 295.6875 294.75 292.125 298.0625 299.75
299.75 298.8125 299.9375 300 300 299.8125 296.5625 297.9375 299.75 299.75 297.625 297.9375 295.5625 296.5 298.75 297 292.75 290.5 295.6875 297.5625 298.5 298.8125 298.625 296.4375 294.25 291.875 294.3125 295.6875 296.125 295.3125 292.625 295.4375 298.0625 298.875 298.5 297.75 298.5625 296.5 296.4375 299.5625 299.5 298.875 297.5625 296.3125 295.125 293.375 295.3125 294.0625 293.4375 291.8125 290.3125 296.4375 298.625 296.25 297.5 298.5625 298.8125 299.375 299.3125 299.0625 298.5625 294.375 295.5 296.75 283.625 293 297.5 295.4375 292.25 293.1875 290.0625 298 295.6875
299.4375 297.9375 298.1875 299.75 299.4375 299.25 299 299.375 298.375 299.125 298.4375 292.875 295.5 293.25 296.1875 297.25 294.8125 294.75 290.0625 294.875 298.75 297.8125 297.9375 296.0625 293.6875 290.75 296.625 294.5625 293.875 294.25 294.875 294.6875 299.3125 299.9375 299.625 299.5 299.1875 299.375 299.3125 299.5 300 299.625 299.0625 294.75 292.3125 290.875 288.3125 291.625 292.75 294.625 289.25 293.625 299.125 298.75 298.3125 298.6875 299.8125 299.8125 299.5625 299.1875 299.0625 298.625 297.3125 293.875 288.875 287.3125 294.25 293.4375 285.3125 292.875 291.5625 283.375 274.375
