Environ_rasters/b_tr_r.asc
NCOLS 390 
NROWS 330 
XLLCORNER -114.009999948 
YLLCORNER 32.984999373 
CELLSIZE 0.0333760701179487 
NODATA_value -9999 
[rows 288 to 319 of 330, columns 73 to 145 of 390]
295.4375 298.0625 291.5 296.125 285.6875 280.3125 296.375 297.4375 298.6875 298.75 295.875 292.5625 284.375 285.8125 283.3125 289.0625 299.1875 300 300 299.8125 297.0625 295.1875 299.125 299.375 299.375 299.875 299.3125 299.5625 299.6875 299.8125 300 300 300 300 300 300 299.625 299.875 300 300 300 299.875 299.9375 300 299.875 299.375 300 300 300 300 299.6875 299.75 299.5625 299.8125 300 299.875 299.8125 300 300 300 299.9375 299.5625 299.4375 300 299.5 299.5 298.0625 299.25 299.5625 299.625 300 300 300
298 297.375 295.75 294.875 296.875 296.8125 296.0625 292.5 291.1875 297.875 299 298.8125 297.3125 297.125 296.375 280.6875 283.75 290.1875 299.625 300 298.5625 299.6875 299.875 299.875 299.8125 299.5625 299.3125 299.3125 299.9375 300 300 300 300 299.8125 299.5625 299.8125 299.875 300 299.8125 300 299.9375 299.9375 300 300 299.875 299.75 299.9375 300 300 300 300 299.875 299.375 299.4375 299.4375 299.8125 300 299.9375 299.9375 299 299.375 299.625 300 300 299.6875 298.1875 299.3125 298.0625 299.375 299.8125 300 300 300
297.5 295.125 292.125 289.875 298.75 296.6875 297.9375 299.25 298.625 297.625 296.6875 298.625 299.5625 298.375 296.875 294.1875 294.75 294.6875 288.0625 293.625 299.25 299.875 298.8125 298.9375 299.5625 299.125 298.625 298.6875 298.75 299.375 299.5 299.4375 299.4375 299.125 299.25 299.25 298.875 299.5625 299.375 299.4375 300 299.875 299.6875 300 299.8125 299.75 300 299.875 299.9375 299.875 300 299.6875 299.75 299.875 299.1875 299.3125 299.625 299.5625 300 299.1875 299.375 299 299.6875 300 300 299.875 299.4375 299.75 299.125 299.8125 299.625 300 300
292.3125 297.375 296.125 296.3125 293.125 291.875 297.75 299 299.1875 298.5 297.5625 293.9375 295.5625 297.1875 297.1875 290.0625 289.8125 295.75 296.8125 294.3125 291 296.75 293.5 293.0625 296.625 296.9375 298.125 298.5 298.875 298.1875 298.5625 299.0625 298.8125 298.4375 298.25 299 299.0625 299.25 299.25 298.75 299.75 299.375 299.4375 299.75 299.875 300 300 300 300 300 299.5 299.25 299.25 299.875 299.5625 299.8125 300 299.75 299.375 298.375 298.9375 299.25 299.5625 299.6875 300 300 299.4375 298.9375 298.9375 300 299.9375 299.5625 299.75
289 295.8125 297.5625 297.9375 298.375 295.25 299.25 299.875 299.3125 299.75 299.25 297.25 291 293.875 289.75 292.125 292.75 292.375 294.1875 296.125 297.0625 294.3125 296.8125 295.6875 297.3125 295.9375 297.375 299.25 297.5625 297.75 298.0625 297.5 296.75 298.375 297 298.75 299.4375 300 299.6875 299.3125 299.0625 299.0625 299.875 299.9375 299.9375 300 299.9375 299.875 299.875 300 300 300 299.1875 299 299.0625 299.5 299.875 299.3125 298.875 296.625 299.125 299.1875 299.25 298.8125 299.1875 299.8125 299.5 299.375 298.6875 299.5625 299.75 298.5 298.8125
278.75 285.6875 294 298.3125 298.6875 296.5 297.625 299.4375 297.3125 293.75 294.5625 290.25 284.9375 284.6875 292.9375 296.0625 292.5625 291.75 296.3125 295.125 297.8125 297.6875 298.6875 295.875 294.6875 296.75 294 298.3125 296.4375 295.8125 295 294.5 296.5 297.1875 296.3125 298.3125 298.375 298.3125 299.1875 299.25 298.9375 299.1875 299.5 298.875 299 299.25 299.5 299.6875 299.0625 299 299.75 299.625 298.25 298.875 297.875 298.375 299.3125 298.625 298.75 299.3125 298.9375 299 298.5625 298.625 298.625 299.375 299.8125 300 299.375 299.375 298.875 299.6875 299.6875
294.0625 289.375 282.9375 292.75 299.0625 297.125 298.0625 298.6875 297.5625 291.0625 295.8125 292.8125 286.5 293.875 295.5 294.125 295.25 298.5625 298.6875 295.75 293.375 296.875 298.9375 299.375 295.875 294.3125 293.5625 294.25 295.9375 294.6875 293.5 293.4375 296.3125 294.9375 294.75 297.5 297.8125 296.9375 296.75 297.8125 297.4375 297.9375 298.75 299.125 299.1875 299.5 299.4375 299.875 299.1875 299.1875 299.75 299.625 299.4375 299.5625 299.3125 298.1875 296.5 298 298.6875 297.375 297.0625 298.4375 299.4375 298.3125 298.6875 299.5625 299.8125 299.875 299.0625 299.25 298.75 298.75 299.5625
292.75 293.5 281.875 273.5 298.0625 298 295.5 294.125 293.3125 293.625 293.9375 285.875 290.1875 282.125 289.25 296.625 298.0625 298.0625 298.5 299.1875 296.5625 298.875 298.9375 298.3125 296.5625 292.5625 298.4375 291.3125 296.5 294.6875 293.3125 293.4375 293.8125 289.625 294 294.5625 297.4375 297.375 296.9375 296.625 298 297.875 298.5625 298.875 299.0625 299.1875 299 299.8125 299.5625 298 299.5 299.9375 299.875 299.5625 298.25 297.5625 297.625 297.1875 298 297.9375 297.75 297.1875 298.875 299.75 299.8125 299.5625 299.625 299.875 299.9375 299.375 299.3125 299.75 299.4375
292.3125 277.5 283.75 261.4375 295.4375 299 298.8125 298.0625 295.625 289.875 284.25 295.5 297.375 290.6875 291.875 294.4375 296.6875 297.75 298.5625 298.625 295.5 296.25 296 298.875 297.0625 295.1875 297.625 298.3125 297.5625 297.8125 296.4375 296.6875 295.625 293.625 290.9375 292.5625 293.1875 293.75 295.1875 297.1875 298.3125 296.375 298.5625 299.5 298.875 299.0625 299.5 299.125 299.875 299.6875 300 300 299.6875 299.125 299.1875 298.625 299.0625 299.25 298.1875 297.75 297.625 297.375 297.125 297 299.0625 299.0625 299.9375 300 299.9375 299.0625 298.3125 299.125 299.625
279.5 277.4375 285.25 277.8125 278.6875 297.875 299.3125 297.25 296.625 289.0625 293.125 295.875 293.9375 291.75 294.5 296.375 296.75 296.75 298.75 297.5625 294.625 294.6875 297.375 297.5 296.9375 296.25 296.1875 299.5 299.3125 297.6875 296.1875 296.75 298.75 297.9375 296.625 291.4375 288.3125 291.1875 293.5 297.1875 296.9375 297.75 295.625 296.875 297.1875 297.8125 299.1875 298.5 298.3125 299.0625 299.875 300 299.125 299.5625 299.4375 299.4375 298.875 299.4375 298.6875 299 298.8125 299.75 296.875 297.625 296.9375 296.4375 296.5 296.75 298.25 296 298.3125 298.75 299.8125
288.5 285.75 275.75 266.25 276.6875 295.625 299.25 298.75 296.875 293.5 288 292.875 289.1875 295.9375 296.1875 296.0625 294.75 294.1875 296.125 295.125 297.25 290.5 298.75 298.5625 298 297.4375 295.8125 298.3125 299.5625 298.4375 298 298.1875 299.25 299.125 297.125 296.75 294.375 294.0625 294.375 294.625 294.6875 296.875 298.1875 297.4375 298.5 296.875 298 298.6875 298.6875 298.4375 298.375 296.875 295.3125 295.5 298.75 298.875 299.9375 299.3125 299.0625 299.5 299.125 299.4375 296.8125 298.1875 297.375 296.125 295.875 294.625 294.0625 294.9375 298.0625 298.1875 299.5625
291.5 284.3125 281.5 272.9375 283.9375 282.4375 292.1875 298.375 298.125 291.75 282.0625 293.3125 294.5 298.875 297.6875 297.125 298.125 297.5625 295.375 292.4375 295.75 293.125 297.8125 297.375 296.1875 295.25 296.1875 296.4375 298.5625 297.3125 298.8125 298.875 299.4375 299.4375 299.25 296.875 297.4375 295.1875 297.6875 297.5 294.125 297.1875 298.9375 296.875 295.0625 294.25 295.75 297.8125 298.5 298.125 298.1875 296.9375 293.25 293.125 296.75 297.875 298 298.125 298 299 299.8125 299.875 298.4375 294.4375 294.875 297.0625 299.125 297.125 294.6875 298.375 298.8125 299.125 298.6875
284 285.75 287 290.5 285.8125 287.0625 296.8125 297.4375 298.5625 286.125 293.625 293.75 298.75 298.6875 298.6875 298 295.3125 297.375 296.1875 292.1875 293.8125 295.0625 297.6875 297.9375 295.5 296.8125 298.6875 294.1875 299.375 298.6875 296.375 297.9375 298.75 298.625 297.0625 296.75 296.4375 296.25 298.3125 298.5 296.8125 299 298.5 296.625 297.1875 293.75 293.125 297.375 297.3125 298.125 298.875 294.625 293.875 295.9375 299.125 299.0625 297.875 293.3125 293.375 293.5625 297.5 298.3125 299.5 294.75 300 299.0625 299.1875 299.75 295.8125 293.5625 298.0625 296.5625 295.25
289.3125 287.125 291.4375 293.1875 286.6875 278.25 289.875 298.9375 299.0625 291.9375 281 290.4375 296.3125 296.375 296.375 297.75 297.8125 296.375 292.4375 290.1875 291.625 296.375 297.3125 299.125 298 298.1875 297.875 292.6875 299.4375 299.125 297.5625 295.5 296.875 296.875 295.8125 296.4375 295.5 298.625 299 299.125 297.625 297.5625 298.3125 298.3125 297.125 295.5 296.9375 297.625 297.25 297.875 296.3125 293.125 295.25 294.25 294.9375 297.25 296.0625 292.5625 291.625 291.1875 292.75 296.5625 299.4375 299.75 299.625 299.875 299.875 299.6875 297.8125 293.875 297.4375 293.6875 295.1875
289.1875 292.375 293.75 294.6875 284.8125 276.125 280.8125 299.0625 299.1875 298.3125 294.25 292.75 285 285.75 293.1875 297.125 296.625 295.6875 294.8125 275.625 287.75 290.875 296.3125 299.0625 298.625 298.8125 295.8125 283.625 298.4375 298.5 297.6875 294.3125 293.1875 292.4375 289.75 295.375 295.375 298.5 298.5625 298.25 299 298.125 298.4375 298.0625 296.9375 296.4375 297.6875 298.125 298.5625 297.6875 298.125 295.5625 294.5625 297.25 296.6875 298.375 296.9375 293.8125 292.25 292.8125 288.875 295.125 297.875 298 300 299.9375 298.75 298.75 298.875 294.625 290.0625 284.4375 293.25
291.1875 288.3125 295.25 295.6875 284.5625 280.5625 286.375 298.9375 299.9375 298.4375 296.8125 296.5625 290.8125 296.8125 288.4375 281.1875 283.6875 292.125 284.25 264.25 282 291 295.25 298.3125 296.4375 296.625 292.5 275.8125 290.875 293.75 297.0625 293.125 290.4375 292.9375 296.125 297.75 296.625 296.625 296.5 298.0625 299.75 297 297.75 295.8125 298.9375 298.625 298.1875 297.4375 296.75 296.375 297.8125 294.875 294.5 297.75 296.1875 294.9375 292.5625 287.1875 292.4375 293.6875 291.1875 294.3125 297.375 298.1875 300 299.5625 299.5625 299.125 298.8125 298.1875 294.5625 291.5 291.875
286.6875 285.625 290 295.6875 294 289.3125 273.625 294.125 299.75 299.125 295.25 292.8125 289.8125 292.3125 287.5625 276.4375 284.25 285.375 286.125 283.4375 260.25 278.8125 293.0625 286.5 287.375 281.625 285.9375 283.1875 286.5 281.875 272.5 283.5 295.0625 294.625 295.5 296.125 294.875 296.9375 295.125 298.25 298 299.375 297.625 298.4375 298.5 298 297.375 295.5 291.125 294.75 298.6875 297.1875 295.3125 295.375 295.4375 293.625 295.5 292.8125 293.375 293.625 294 297.9375 299.125 298.5625 298.625 298.875 298.1875 298.0625 298.6875 298.0625 297.625 292.6875 293.25
290.375 295 293.6875 289.3125 283.75 287.5 281.75 288.625 299 300 299.4375 292.625 290.0625 290.0625 279.6875 294.6875 275.5625 284.6875 279.5 290.0625 278.75 268.25 287.625 293 295.375 295.75 296.3125 291.5 285.25 279.5625 278.8125 281.875 288 285.3125 292.75 292 292.5 293.9375 296.3125 296.6875 297.3125 297.9375 299.125 298.0625 294.5 297.3125 297.5 295.8125 298 296.6875 294.8125 296 295.625 294.375 293.9375 297.875 297.125 296.25 295.0625 297.3125 298.4375 298.4375 298.6875 298.6875 296.4375 297.625 298.25 296.4375 296.25 298.625 298 297.8125 292.625
291.5625 295.125 297.5 290.5 289.75 292.375 277.5 281.8125 296.3125 298.5625 299.4375 298.0625 288.5625 273.5 284.125 294.4375 288.625 286.4375 279.3125 277.625 281.5 280.375 291.75 298 297.375 297.1875 295.625 291.875 288.375 293 296.8125 284.25 281.375 285.875 284.5 289.5625 286.6875 291.25 296.5 297.6875 298.0625 298.5 297.5625 296.25 296.625 297.625 298.5 295.5625 296.0625 295.8125 292.1875 294.3125 292.375 293.375 297.8125 297 297.75 297.6875 297.125 298.8125 299.125 299.125 298.5625 298.1875 298.625 299.125 298.4375 297.75 296 294.875 296.1875 296.75 297.1875
294.75 295.3125 297.9375 291.875 286.4375 283.375 292.625 287.5 293.25 296 298 299.1875 296.125 292.125 288.625 291.25 297.9375 290 280.25 282.375 291.8125 285.5 290.1875 298.5 296.8125 293.9375 295.375 294.5 289 288.8125 289.8125 296.9375 295.6875 294.6875 292 294.6875 294.625 289.25 291.25 295.5 295.125 296.9375 297.5 296.625 295 292.375 293.8125 296.0625 297.1875 294.875 297.5 299 297.875 298.1875 297.0625 291.875 293 291.6875 297.5 299.875 299.4375 299.1875 298.875 299.8125 299.75 299.5 299.125 299.5625 297.625 295.25 295.5625 298.0625 294.875
297.125 296.9375 296.5 295.3125 292.0625 294.625 289.6875 284.375 290.9375 295.4375 295.8125 299.25 299.75 297.8125 297.375 297.6875 298.75 296.5625 293.375 291.1875 293.75 292.9375 295 299.0625 297.1875 296.0625 288.875 295.3125 292.6875 294.75 291.8125 298.25 298.5 298.3125 294.25 293.25 296.1875 293.25 295.6875 296.0625 293.4375 294.4375 292.3125 292.5625 295.25 299.5 299.8125 300 300 299 299.0625 299.25 298.0625 296 293.4375 293.6875 297.625 297.5625 298.875 299.625 299.5 299.3125 298.25 297.25 297.25 294 294 296.5625 297.625 299.0625 298.5625 298 295.625
297.8125 297.3125 298.5 298.1875 283.3125 286.0625 278.375 267.875 274.25 285.5625 296.5 291.9375 295.1875 299.1875 299.25 298.75 299.375 299.0625 298.0625 290.5 291.75 298.0625 295.375 296.625 295.875 291.8125 289.75 296.5625 290.5 293.1875 297.25 296.625 298 297.0625 297.5625 296.625 298.0625 295.4375 293.8125 297.375 291.875 293.375 292.4375 293.9375 297.3125 299 299.125 299.75 300 299.9375 299.8125 299.75 297.75 296.9375 297.25 297.875 297.8125 296.625 298.75 299.9375 299.1875 298.875 296.625 296.5625 296.6875 294.3125 292.8125 295.3125 291.625 294.5625 292.25 292.9375 293.625
298.75 299.375 299.8125 297.25 294.125 292.125 285.875 263.5 273.6875 272.75 291.5625 292.5625 289.5 291.125 297.875 299.6875 299.8125 299.5625 299.25 297.875 281.5 287.75 291.4375 290 281.375 295 297.5 299.0625 290.9375 289.625 292.75 294.375 293.5 298.75 298.1875 295.125 297.8125 295.75 298.3125 297.6875 294.125 296 293.4375 290.75 293.4375 297.8125 299.625 299.3125 299.4375 300 299.875 298.9375 298.5 298.0625 298.3125 297.875 297.875 298.75 298.25 298.125 296.875 296.375 288.75 293.125 296.9375 297.5 296.5 298.1875 297.875 292.125 287 291.125 290.5
299.8125 299.375 299 298.625 296.4375 297.25 291.5625 285.75 272.125 277.0625 294.5 289.9375 289.1875 288.875 292.0625 299.4375 299.9375 299.4375 299.4375 293.3125 293.625 284.5625 288.75 290 292.75 292.9375 298.75 299.5 295.125 295.25 296.4375 297.625 290.9375 290.0625 298 298.6875 299.1875 298.5625 298.0625 298.6875 297.3125 296.25 298.125 295.6875 289.375 298.6875 299 299.625 299.4375 299.875 299 299.8125 299.375 298.625 297.5625 297.0625 295.5625 294.0625 288.875 282.375 285.3125 289.875 291.9375 286.625 295.3125 297.9375 298.25 295.625 292.75 286.9375 289.75 289.4375 295.4375
293.5625 299.0625 299 298.125 296.75 289.8125 278 261.625 273.1875 286.375 294.3125 292.5 284 291.125 295.3125 298.6875 296.8125 297.3125 297.6875 287.875 285.4375 294.6875 297.5 293.9375 286.4375 291.625 296.25 298.75 297.875 289.375 288.8125 297.8125 288.3125 288.375 287.8125 293.75 290.25 290.375 292.9375 292.0625 293.125 292.6875 295.875 296.5 295.3125 295.9375 296.0625 297.0625 298.3125 299 298.625 299.0625 299.1875 299.4375 298.6875 298.0625 296.8125 292.4375 288.875 292.4375 295.8125 293.8125 284.625 287.875 291.875 294.4375 295.9375 288.5625 262.1875 278.5625 292.75 290.4375 294.75
295.625 291.6875 292.4375 295.625 292.5625 294.375 290.75 284.4375 279.6875 284.375 291.5 283.875 281.0625 287.125 285.3125 295.9375 293.875 290.875 294.8125 292.875 290 290.4375 296.8125 295.1875 283.125 290.5625 296.9375 298.75 297.8125 293.3125 294.5 298.5 294.1875 296.1875 290.125 292.6875 290.1875 294.6875 293.5625 292.375 295.375 294 298.0625 293.875 297.6875 298.5 299.125 299.5 297.25 298.75 299.0625 296.8125 298.25 298.6875 296.75 298.375 298.0625 296.375 294.8125 296.125 295.875 295.3125 293.75 281.625 279.125 283.0625 284.8125 288.3125 280.25 285.6875 291.625 290.5 282.25
288.125 293.5 296.9375 297 296 288.75 288.25 288.3125 282.75 275.8125 287.25 286.5 291.3125 289.125 286.4375 289.875 293.9375 292.8125 294.1875 296.9375 297 297.375 298.25 297.375 289.375 289.8125 294.375 295.375 298.625 297.9375 298.0625 298.4375 297.6875 297.375 296.375 298.5 299.0625 298.625 295.875 293.875 293.6875 298.0625 297.6875 296.5 296.125 298.25 299.1875 299.0625 297.1875 298.625 299.3125 298.6875 296.8125 297.625 297.8125 296.375 299 299.625 299.1875 299.3125 298 298.75 298.0625 297.4375 297.5625 297.5 297.5 297.9375 291.6875 292.6875 296.8125 288.0625 283.6875
292.8125 296.125 299.25 299.0625 296.9375 291.6875 284.9375 286.5625 295 290.3125 286.5 286.5625 295 291.25 292.0625 295.0625 296.9375 295.0625 294.3125 298.25 297.75 297.75 298.6875 296.125 297.125 297.625 295.9375 297.375 298.9375 299 299.5 299.375 299.5 299 297.3125 298.8125 299.625 299.1875 299.625 297.8125 296.1875 296.4375 293.75 290.25 296.0625 296.5 296.3125 297.625 299.4375 299.25 299.625 299.9375 299.625 299.25 299.1875 299.375 298.9375 298.0625 297.875 296.4375 297.125 295.75 295.125 296.75 293.375 293.875 295.4375 294.3125 292.3125 291.375 296.1875 294.4375 290.3125
298.8125 299.6875 299.75 272 282.625 292.8125 290.125 289.8125 295.9375 294.0625 291.75 284.1875 291.4375 288.125 290.9375 294.4375 293.8125 294.75 287.375 290.75 294 295.6875 298.375 294.625 297.9375 297.9375 295.9375 297.75 298.3125 299 299.625 299.875 300 299.4375 294.6875 295.8125 296.1875 294.25 296.625 299.8125 298.75 294.625 296.125 292.0625 286.4375 283.4375 288.5625 292.5 297.6875 299 299.875 300 299.75 300 300 300 299.5625 298.1875 295.25 295.375 296.25 296.6875 297.875 294.0625 291.625 291.625 292.125 292.25 282.1875 287.3125 296.625 295.375 294.3125
300 300 299.8125 283.625 275.25 281.125 290.375 293.5625 282.375 288.875 290.625 284.4375 290.4375 290.1875 289.1875 290.9375 293.5 294.4375 291.4375 293.8125 297.375 298.25 298.8125 297.6875 296.8125 299.5625 299.25 297.9375 297.25 298 299.875 300 300 299.625 299.625 295.75 294.1875 290.1875 296.3125 299.9375 299.375 295.75 294.5 298.5625 297.9375 296.625 291.625 287.1875 286.875 292.3125 297.5625 299 299.6875 300 300 300 299.875 299.1875 298.3125 299.1875 297.5 295.25 296.5625 298.25 294.75 292.875 291.9375 296.8125 295.0625 293.8125 297.5 292.4375 292.75
300 300 299.625 299.75 296.5625 286.8125 290.4375 295.4375 294.3125 290.625 290.9375 291.8125 281.5625 290.5625 292.125 290.8125 292.0625 293.875 295.625 296.75 294.3125 296.625 298.125 299.125 299.75 299.5625 300 299.9375 299.25 298.4375 299 299.9375 300 299.875 297 293.5625 295.125 298.875 300 297.8125 297.625 297.1875 297.375 300 299.375 295.3125 297.6875 297 293.1875 286.125 295.8125 295.1875 295.625 297.875 299.75 300 300 299.8125 299 297.3125 296.875 293.75 298.3125 298.625 297 296.375 295.1875 295.625 296.1875 295.125 293.5 287.3125 293.375
300 300 300 300 300 299.875 299.3125 295.9375 298.1875 297.75 292.375 296 292.625 287.5625 289.1875 290.875 297.5625 295.0625 294.5625 296.25 287 284.4375 297.625 298.6875 298.8125 299.625 299.9375 299.8125 299.4375 299.25 299.375 299.4375 299.625 299.25 297.4375 293.5625 294.6875 298.4375 299 298.625 294.8125 294.9375 296.1875 299.0625 298.8125 299.75 299.8125 299.875 299.75 292.75 279.6875 295.8125 295.8125 294.75 297.3125 300 299.5625 299.9375 296.9375 296.0625 291.75 293.3125 299.1875 298.625 297 296.6875 296.8125 294.8125 296.1875 293.4375 291.5 288 288.5625
