Environ_rasters/b_tr_r.asc
NCOLS 390 
NROWS 330 
XLLCORNER -114.009999948 
YLLCORNER 32.984999373 
CELLSIZE 0.0333760701179487 
NODATA_value -9999 
[rows 32 to 63 of 330, columns 0 to 72 of 390]
300 300 300 300 300 300 300 300 300 300 300 300 300 300 300 300 300 300 300 300 300 300 300 300 300 300 300 300 300 300 300 300 300 300 300 300 300 300 300 300 300 300 300 300 299.6875 299.9375 300 299.625 297.6875 297.5625 297.0625 296.9375 298.625 298.3125 289.3125 286.5 285.75 291.4375 294.4375 297.4375 299.625 296.25 296.75 296.8125 293.75 296.625 298.25 299.25 299.25 296.625 298.1875 300 300
300 300 300 300 300 300 300 300 300 300 300 300 300 300 300 300 300 300 300 300 300 300 300 300 300 300 300 300 300 300 300 300 300 300 300 300 300 300 300 300 300 300 300 299.25 293.8125 296 299.9375 299.1875 297.875 294.5 297.5 296.875 298.0625 298.4375 290.375 285.1875 292.1875 295.1875 296.0625 293.8125 299.0625 298.75 295.875 296.4375 296.25 296.0625 296.5625 298.5625 299.75 298.6875 298.375 300 300
300 299.1875 300 300 300 300 300 300 300 300 300 300 300 300 300 300 300 300 300 300 300 300 300 300 300 300 300 300 300 300 300 300 300 300 300 300 300 300 300 300 300 300 299.6875 298.875 295.0625 294.375 296.875 298.6875 294.375 291.8125 295.6875 296 297.25 296.8125 294 288.6875 296.1875 296.375 297.125 295.6875 297.875 300 300 299.9375 298.125 295.625 297 297.875 298.4375 299.8125 299.8125 299.5 300
300 300 300 300 300 300 300 300 300 300 300 300 300 300 300 300 300 300 300 300 300 300 300 300 300 300 300 300 300 300 300 300 300 300 300 300 300 300 299.9375 299.9375 300 299.9375 298.875 297.125 294.125 287.875 287 292.25 298 287.625 292.875 293.5 294.1875 294.4375 296.6875 287.5 294.875 295.5625 295.3125 298.125 299.25 300 300 300 299.8125 296 297.625 298.0625 298.75 299.875 299.1875 299.375 297.5625
300 299.9375 299.75 299.1875 300 300 300 300 300 300 300 300 300 300 300 300 300 300 300 300 300 300 300 300 300 300 300 300 300 300 300 300 300 300 300 299.875 299.75 299.6875 298.5 297.625 298 299.1875 298.5625 295.6875 294.9375 294.9375 288.3125 295.375 295.8125 290.9375 291.5625 290.625 295.375 297.1875 297.0625 274.875 285.875 294.5 296.4375 294 299.3125 300 300 300 300 298.875 295.3125 297.4375 300 300 300 299.6875 299.25
300 299.9375 299.875 299.0625 300 300 300 300 300 300 300 300 300 300 300 300 300 300 300 300 300 300 300 300 300 300 300 300 300 300 300 300 300 300 299.75 299.375 298.1875 296.25 298.1875 298.75 297.125 298.75 299.0625 298.0625 294.0625 296.0625 294.9375 289.875 293.4375 290.375 292.8125 294.8125 297.75 298.0625 295.8125 271 279.0625 284.875 296.125 293.25 297.125 297.9375 300 300 300 300 298.9375 296.6875 298.125 300 300 300 299.875
300 299.875 299.9375 300 300 300 300 300 300 300 300 300 300 300 300 300 300 300 300 300 300 300 300 300 300 300 300 300 300 300 300 299.75 299.75 299.75 299.1875 298.3125 297.8125 298.25 298.625 298.25 298.0625 299.25 299.375 298.0625 297 293.75 296.6875 294.8125 293.25 292.75 288.5 291.1875 297.3125 299.0625 296.5625 290.3125 273.3125 286.375 293.5 292.5 293.4375 295.875 297.5 299.6875 300 300 299.9375 298.3125 295.4375 298.8125 295.875 299.75 300
300 300 300 300 300 300 300 300 300 300 300 300 300 300 300 300 300 300 300 300 300 300 300 300 300 300 300 300 300 299.9375 299.1875 299.3125 299.875 299.6875 299.125 296.6875 295.875 296.625 297.5 299.125 299.8125 297.875 298.3125 297.875 298 295.375 296.5625 297.0625 295.625 281.6875 277.0625 289.3125 297.0625 299.1875 298.0625 295.25 284.5625 283 287.625 289.4375 283.25 291.75 296 297.6875 300 300 300 299.75 294.875 295.125 293.5 298 299.6875
300 300 300 300 300 300 300 300 300 300 300 300 300 300 300 300 300 300 300 300 300 300 300 300 300 300 300 300 299.9375 299.1875 298.625 299.1875 299.9375 299.75 299.8125 296 294.1875 294.9375 297.375 299.3125 297.9375 296.125 298.875 297.8125 297.75 299.125 298.1875 298.625 297.9375 292.6875 281.5 284.4375 298.25 299 299.25 297.25 292.625 289.5 291.875 294.625 288.3125 282.1875 295.3125 296.625 299.6875 300 300 300 299.3125 294.25 297.8125 299.875 299.8125
300 300 300 300 300 300 300 300 300 300 300 300 300 300 300 300 300 300 300 300 300 300 300 300 299.875 299.4375 299.5625 299.25 299.1875 298.875 298.3125 297.625 299.375 299.125 299.6875 298.25 289.125 290.375 288.125 287.625 293.25 295.3125 299.1875 297.125 299.0625 299.6875 299.0625 298.5625 297.8125 296.0625 276.625 283.375 297.9375 299.6875 299.9375 298 294.625 295.25 287.5 297.0625 292.1875 294.5 295.5 292.8125 295.9375 299.75 300 300 299.875 288.75 285.625 298 299.5
300 300 300 300 300 300 300 300 300 300 300 300 300 300 300 300 300 300 300 300 300 300 300 300 300 299.375 299.875 298.625 297.3125 297.375 297.9375 297.6875 299.25 300 299.9375 299 292.5625 285.125 290.0625 292.4375 294.1875 297.5 299.6875 298.5625 299.3125 299.3125 296.25 297 296.5625 296.375 287.6875 289.8125 299.75 299.9375 299.875 298 298.0625 293.5625 291.875 297.0625 293.9375 288.8125 294.5 289.75 294.375 298.75 300 300 300 293.8125 285.375 286.9375 297.25
300 300 300 300 300 300 300 300 300 300 300 300 300 300 300 299.8125 300 300 300 300 300 300 300 300 299.625 299.6875 299.9375 295.9375 292.4375 296.5625 296.875 298.5 299.625 299.875 299.6875 299.5 298.625 287.3125 286.9375 294 292.0625 297.9375 299.875 299.875 299.625 293 291.6875 296.9375 296.6875 298.6875 297.625 297.75 299.875 300 300 298.25 298.4375 294.0625 294 291.25 297.375 288.3125 288.9375 290.1875 292.25 298.3125 298.75 299.8125 300 296 285.4375 286.8125 291.6875
300 300 299.8125 300 300 300 300 300 300 300 300 300 299.875 298.25 299.375 296.3125 296.125 300 299.75 300 300 300 300 300 297.9375 298 299.125 298.3125 295.3125 296.125 296.375 297.125 299.5 298.75 299.3125 299.5625 299.375 294.625 291.9375 290.8125 289.3125 295.3125 299.9375 300 299.25 289.875 297.8125 297.375 296.9375 297.5 296.5 297.1875 299.75 300 300 299.6875 298.9375 296.625 293.1875 292.625 295.125 291.4375 278.125 281.5625 296.875 295.375 299.1875 299.375 300 298.9375 283.5625 284.8125 291.1875
300 300 299.75 299.75 300 300 300 300 300 300 300 299.8125 294.4375 294.125 296.5 293.5 289.625 299.6875 299.8125 300 300 300 300 300 298.75 297.625 299.6875 298.4375 293.5625 292.9375 296.0625 296 299.125 298.8125 299.5625 300 299.625 294.875 291.125 289.8125 274.875 284.0625 299.1875 300 295.875 295.625 298 298.875 297.875 293.3125 294.4375 294.75 298.625 299.875 300 300 299.6875 297 293.3125 291.875 290.6875 297.5 293.1875 288.375 289.6875 296.8125 299.5 299 299.75 299.4375 290.125 290.9375 295.25
300 300 300 300 300 300 300 300 300 300 299.9375 298.0625 297.6875 296.1875 296.875 294.125 291.875 299.625 300 300 300 300 300 300 298.375 297.9375 298.9375 294.5625 287.1875 290.5 293.5 295.5625 296.6875 299.5625 299.625 299.9375 299.5 292.0625 283.5625 293.0625 284.875 286.375 299.1875 300 294.8125 294.625 297.25 299.1875 294.5625 297.0625 296.9375 292.875 296.625 299.125 300 300 300 299.4375 293.6875 289.75 284.875 291.5 297.875 293.875 285.75 294.5 298.375 299.9375 299.4375 299.0625 294.8125 286.6875 291
300 300 300 300 300 300 300 300 299.5625 298.75 291.25 295.875 299.4375 299.5625 299.375 295.75 290 299.1875 300 300 300 300 300 300 299.6875 298.5625 295.125 294.875 293.375 292.375 295.5625 294 293.5625 298 299.5 299.75 299.6875 295.5 284.3125 288.1875 288.5625 290.8125 299.3125 299.9375 294.9375 294.75 296.1875 298.625 298.125 296.4375 295 284.25 292.1875 297.75 299.8125 299.875 299.875 299.6875 297 294.875 289.375 290.1875 298.0625 296 294.4375 292.625 296.125 299.125 299.9375 295.8125 295.3125 291.25 293.9375
300 300 300 300 300 300 300 300 299.125 285.625 278.5625 293.4375 297.3125 298.625 299.25 294.875 289.8125 288.25 299.5 300 300 300 300 300 300 298.9375 295.875 295.3125 297.4375 291 294 293.0625 291.375 297.375 300 299.9375 297.8125 292.9375 286.125 294.6875 288.875 297.25 299.3125 298.4375 292.3125 296.375 299.6875 298.875 298.8125 296.25 288.9375 284.75 289.3125 291.8125 299.6875 299.6875 299.25 297.625 297.9375 298.5 294.3125 295.0625 297.875 296.9375 294.3125 293.5625 296.5625 296.75 299.375 296.6875 292.1875 285.875 294.8125
300 300 300 300 300 300 299.875 299.3125 295.625 283.125 280.875 277.6875 278.5625 290.9375 295.0625 295.25 290.875 292.4375 299 300 300 300 300 300 300 300 298.4375 294.75 297.4375 293.625 294.4375 296.0625 292.8125 298.25 300 299 295.4375 292.4375 293.4375 295 292.625 299.375 300 298.4375 294.875 295.5625 297.1875 299.1875 298.3125 282.375 283.6875 288 295.5 297.8125 291.4375 296.375 297.8125 293.375 294.3125 297.375 298 292.5625 291.0625 297.0625 295.5625 293 295.5625 294.75 298.9375 293 289.375 288.8125 286.9375
299.875 300 300 300 300 299.8125 299.75 298.6875 293 278.8125 280.1875 288.1875 288.9375 269.8125 280.875 294.5 291.3125 295.0625 299.5 300 300 300 300 300 300 300 299.3125 297.375 295.5 291.625 295 296.375 294.625 296 299.0625 299.1875 298 298.1875 296.375 295.5625 293.6875 299.125 298.4375 297.5 294.125 295.6875 297.25 299 297.4375 287.5 275.1875 290.625 293 298.25 294.25 289.9375 289 290.875 286.625 299.5 297.875 296 294.0625 296.875 296.25 295 296.0625 296.625 293.375 293.125 290 293.75 287.125
296.625 300 300 300 299.5 297.6875 299.625 298.4375 288.25 288.875 281.5 281.5625 274.6875 284.1875 293 295.6875 294.4375 298.8125 299.9375 300 300 300 300 300 300 300 300 299.6875 295.375 292.1875 295.5 297.3125 298.375 295.125 297.5 299 298.8125 298.9375 298.5 296.9375 296.1875 299.25 293.8125 291.9375 296.5625 295.9375 295.125 294.875 297.3125 296.1875 291.4375 284.6875 291.625 297.8125 298.6875 288.1875 290.8125 279.875 282.6875 299.3125 299.375 298.625 295.6875 295.875 295.375 297.625 297.5 291.3125 291.375 293.8125 282.5625 278.375 292.3125
295.0625 299.6875 300 300 299.875 298.6875 299.8125 297.8125 287.75 292.5625 292 296.625 295.5 298.9375 290.625 288.6875 297.625 299.375 300 300 300 300 300 299.75 297.75 297.6875 299.1875 299.25 298.875 294.875 294.625 295.8125 297.0625 295.9375 293.375 298.75 299.3125 298.9375 299 297.5625 297.125 299.5 294.625 294.1875 293.1875 294.75 294.1875 293.5 297.4375 299.0625 298.9375 295.5 292.8125 298.6875 298.9375 295.125 288.1875 275 266.9375 296.5625 299.9375 299.4375 298.5625 298.6875 298.875 295.75 295.5 287.4375 295.1875 291.25 284 267 295
297.75 299.0625 299.3125 300 299.3125 299 298.5 293.6875 283.625 285.75 276 278.4375 291.75 298.8125 294.1875 286.5625 294.9375 298.0625 299.875 300 300 300 299.9375 299 294.375 288.9375 295.3125 298.9375 299.25 298 296.375 296.375 296.3125 295.3125 295.3125 294.1875 297.9375 299.125 297.875 298.8125 299 299.4375 299.75 293.0625 289.75 291.4375 290.8125 289.5625 294.625 299.8125 300 300 300 296.6875 296 298.1875 294.1875 283.75 265 295.9375 299.875 299.625 300 299.8125 299.875 298 294.25 294.75 294.5 286.75 285.375 277.25 292.8125
297.875 297.4375 297.875 299.1875 296.3125 297.5 297.75 288.3125 280.9375 280.5 263 278.0625 292.75 299 293.5625 287.6875 293.75 298.5 299.8125 300 300 300 300 299.375 297.375 291.875 287.1875 293.375 297.9375 298.8125 297.1875 297.625 295.3125 296.875 296.875 297.4375 298.5625 299.125 295.75 297.125 299.625 299.9375 299.9375 294.1875 294.25 289.4375 290.9375 290.875 293.125 298.625 300 300 299.875 293.625 295.4375 296.875 297 289.6875 285.875 294 299.0625 299.1875 299.75 299.9375 298.8125 298.3125 291.5625 297.4375 293.5 288 285.4375 274.25 292.5
295.1875 294.9375 295.8125 297.8125 285.5 286.5625 297.125 288.0625 291.3125 279.6875 282.5625 288.5 296.8125 298.625 291.8125 291.1875 294.0625 298.9375 299.9375 300 300 300 300 299.5625 298.5625 292.875 267.5 286.4375 295.3125 298.9375 299.3125 299.75 299.3125 297.75 298 298.5625 298.625 297.4375 297.6875 297.375 299.9375 300 296.875 292.5 297.4375 298.5625 297.5625 294.1875 295.125 298.875 300 300 300 293.4375 279.125 298.25 298.125 285.25 286.1875 292.0625 298.25 299.4375 299.3125 298.5 298.125 297.5625 294.1875 295.5625 292.625 287.75 285.1875 278.5 285.9375
297.5 295.25 296.75 297.875 288.8125 282.3125 296.25 291 283.25 287.8125 298.375 297.8125 299.875 298.625 292.375 293.0625 292.8125 299.3125 300 300 300 300 300 299.25 298.5 291.1875 264.5625 274.3125 289 295.625 299.3125 300 300 297.6875 297.5625 297.6875 298.875 296.5625 298.6875 299.875 300 300 292.4375 293.6875 297.8125 299 296.25 295.75 295.4375 298.625 299.875 300 300 295.125 287.125 296.1875 297.3125 281.4375 286.625 291.6875 299 299.9375 299.25 299.875 300 299.5 293.5625 296 293.375 288.875 285.4375 276.6875 280.875
296.6875 295.5625 297.4375 293.0625 291.75 287.5 291.1875 293.4375 292.75 293.125 295 299.6875 300 299.75 297.9375 288.0625 291.8125 298.8125 300 300 300 300 300 299.8125 298.1875 287.4375 286.625 286.875 286.875 292 299.0625 300 300 299.75 298.8125 298.3125 298.375 298.5 300 300 299.9375 295.125 287.9375 294.75 298.5 300 299.75 290.4375 281.375 277.4375 288.25 296.1875 299.3125 298.375 291.5625 296.9375 295.4375 291.6875 297.4375 296.25 297.25 300 299.25 299.5 300 299.625 296.75 293.625 295.5625 289.625 279.1875 293.8125 293
295.1875 295.0625 296.6875 293.375 290.4375 293.25 295.0625 295.25 296.8125 294.1875 291.375 299.875 300 300 299.9375 298.6875 297.9375 300 300 300 300 300 300 299.875 298.375 292.6875 288.8125 287.625 288.6875 296.4375 299.3125 300 300 300 299.875 299 298.8125 299.375 300 300 299.75 288.5 294.75 295.8125 298.6875 300 299.9375 285.9375 289.25 289.0625 290.625 291.625 298.625 298.9375 293.75 294.3125 296.25 293.75 299.625 299.5 299.5625 300 299.5 299.9375 300 299.625 297.3125 290.1875 292.25 281.625 275.3125 297 293.5625
295.75 297.375 297.625 297.625 292.75 292.375 299.5625 298.6875 296.3125 292.25 299.25 300 300 300 299.1875 298.4375 298.625 299.4375 298.8125 298.875 299.1875 299.8125 300 300 299.375 297.4375 296.125 297.25 296.5 299 299.875 300 300 300 299.9375 299.125 297.875 297.75 299.875 300 299.625 291.625 294.25 297.9375 298.3125 297.4375 299.4375 297.375 294.375 293.5 291.0625 289.125 294.3125 299.9375 292.8125 293.0625 297.8125 297.3125 297.9375 299.0625 297.0625 299.75 300 300 300 299.5 299.5 296.25 284.5 277.8125 281.875 294 293.0625
299.5 299.0625 298.0625 294.75 291.1875 288.875 299.1875 299.375 296.5 292.375 299.375 299.875 300 299.625 298.0625 291.875 288.1875 295.8125 291.5625 283.5625 290.75 297.0625 298.75 299.125 299.875 299.3125 299.1875 299.625 300 300 300 300 300 300 300 299.8125 297.0625 297.3125 299.375 300 299.0625 297.75 297 297.4375 299.5625 298.375 298.875 298.25 295.5625 296.0625 294.4375 295.6875 296.6875 300 292.125 282.3125 291.4375 298 297.75 298.75 294.75 299.4375 300 300 300 300 298 291.875 278.625 274.4375 284.9375 292.8125 293.125
298.875 296.75 293.125 293.0625 292.6875 286.25 289.3125 299.1875 298.375 295.125 298.4375 299.8125 299.75 298.8125 296.25 292.875 287.375 271.75 275 285.875 286.0625 287.125 291.6875 296.0625 294.5625 298.125 300 300 300 300 300 300 300 300 300 300 300 299.875 299.8125 298.3125 297.6875 298.125 298.6875 298.5 299.4375 299.625 299.3125 297.375 295.3125 295.625 288.9375 289.9375 294.5 299.8125 299.375 280.1875 277.25 292.375 299.25 299.75 297.75 299.4375 300 300 300 300 296.9375 282.625 262.3125 267.6875 274.0625 289.0625 291.4375
295.5625 294.6875 296 294.125 291.4375 290.1875 284.75 294.0625 299.125 294.1875 289.8125 296.5 296.6875 294.1875 289.5625 287.5 283.4375 290.8125 287.5 283.25 276.5625 272.75 286.875 290 294.125 298.0625 299.875 300 300 300 300 300 300 300 300 300 300 300 296.125 293.75 293.6875 296.9375 298.75 298.3125 299.1875 299.625 299.5625 298.6875 295 293.6875 291.125 284.375 288.9375 299.1875 300 289.875 268.9375 281.75 297.8125 300 299.6875 297.75 300 300 300 299.875 294.9375 283.6875 274.8125 260.625 286.5625 290.9375 295.125
294.25 293.5625 295.3125 294.6875 289.125 295.25 290 295.25 299.1875 291.75 293.6875 291.375 288.3125 293 291.1875 276.625 275.1875 275.625 279.3125 267.3125 272.4375 276.9375 286.3125 289.4375 296.875 299 299.75 300 300 299.875 299.75 300 300 300 300 300 299.9375 299.8125 296.125 296.375 296.4375 298.5625 299.625 297.6875 298.625 299.875 299.9375 298.8125 294.25 295.5625 295.75 295.25 292.125 294.8125 299.625 298.5625 293.125 287.625 294.5625 299.625 299.875 295.5 300 300 300 298.4375 295.5625 279 260.375 265.1875 286 295.3125 293.375
